6.5087
6.5087
6.5075
6.4951
6.3793
5.7842
5.3802
5.0461
4.6576
4.3648
4.1712
4.0473
3.9516
3.8003
3.6507
3.5735
3.5362
3.4956
3.4531
3.3638
3.1377
3.0085
3.2473
3.2111
3.2007
3.1938
3.1861
5.9812
5.9812
5.9812
5.9812
5.9812
5.981
5.9784
5.9553
5.8041
5.5269
5.355
5.0445
4.6578
4.3674
4.1889
4.0701
4.0005
3.9356
3.8618
3.7949
3.7361
3.6678
3.572
3.4397
3.2991
3.2793
3.2541
5.9811
5.9811
5.9811
5.9811
5.9811
5.9811
5.9811
5.9811
5.9811
5.9809
5.9783
5.9552
5.804
5.5269
5.3551
5.0463
4.6911
4.3777
4.1975
4.0749
4.0085
3.9502
3.8908
3.8343
3.7834
3.7074
3.6135
5.9811
5.9811
5.9811
5.9811
5.9811
5.9811
5.9811
5.9811
5.9811
5.9811
5.9811
5.9811
5.9811
5.9809
5.9783
5.9551
5.8043
5.5261
5.3534
5.0762
4.9415
4.4455
4.2303
4.1017
4.052
4.0171
3.9893
5.9811
5.9811
5.9811
5.9811
5.9811
5.9811
5.9811
5.9811
5.9811
5.9811
5.9811
5.9811
5.9811
5.9811
5.9811
5.9811
5.9811
5.9809
5.9783
5.9555
5.8077
5.5245
5.3629
5.1921
5.0565
4.8782
4.848
5.9997
5.9997
5.9997
5.9997
5.9997
5.9997
5.9997
5.9997
5.9997
5.9997
5.9997
5.9997
5.9997
5.9997
5.9997
5.9997
5.9997
5.9997
5.9997
5.9997
5.9997
5.9997
5.9998
6.0007
6.0024
6.0051
6.0272

