20429 // magic number - today's date
# fits for H impact colllisional rates within H2
# >>refer	H2	collision	Le Bourlot, J., Pineau des Forets, G., & Flower, D.R. 1999, MNRAS, 305, 802
#log(q(v,j to v',j') cm3s-1)=a+b/t+c/t2 where t=(T(K)/1000)+dt, 
#v_upper	j_upper	v_lower	j_lower	a	b	c
#0	0	0	0	-8.42E+00	-1.14E-01	-1.46E+00
0	2	0	0	-9.83E+00	-3.98E+00	-1.84E-01
0	2	0	2	-8.31E+00	-8.62E-01	2.34E-02
0	4	0	0	-1.04E+01	-5.89E+00	1.72E+00
0	4	0	2	-9.51E+00	-4.73E+00	5.60E-01
0	4	0	4	-8.31E+00	-8.62E-01	2.34E-02
0	6	0	0	-1.11E+01	-4.71E+00	-2.61E+00
0	6	0	2	-1.02E+01	-5.09E+00	-7.04E-01
0	6	0	4	-9.68E+00	-3.43E+00	-1.88E+00
0	6	0	6	-8.32E+00	-7.88E-01	-1.65E-01
0	8	0	0	-1.16E+01	-4.00E+00	-4.85E+00
0	8	0	2	-1.08E+01	-4.19E+00	-3.95E+00
0	8	0	4	-1.04E+01	-3.35E+00	-3.74E+00
0	8	0	6	-9.85E+00	-2.37E+00	-3.68E+00
0	8	0	8	-8.49E+00	5.02E-01	-2.12E+00
1	0	0	0	-9.95E+00	-6.70E+00	-1.95E+00
1	0	0	2	-9.88E+00	-4.97E+00	-3.02E+00
1	0	0	4	-1.02E+01	-5.02E+00	-2.37E+00
1	0	0	6	-1.05E+01	-5.74E+00	-1.93E+00
1	0	0	8	-1.01E+01	-1.21E+01	7.19E+00
1	0	1	0	-8.43E+00	-1.31E-01	-9.98E-01
1	2	0	0	-1.07E+01	-4.66E+00	-3.97E+00
1	2	0	2	-9.87E+00	-5.41E+00	-2.91E+00
1	2	0	4	-9.97E+00	-4.92E+00	-2.25E+00
1	2	0	6	-1.03E+01	-5.52E+00	-9.71E-01
1	2	0	8	-1.03E+01	-9.61E+00	5.22E+00
1	2	1	0	-1.01E+01	-1.74E+00	-2.17E+00
1	2	1	2	-8.47E+00	2.36E-01	-1.67E+00
1	4	0	0	-1.11E+01	-5.51E+00	-3.10E+00
1	4	0	2	-1.04E+01	-4.84E+00	-3.32E+00
1	4	0	4	-9.88E+00	-5.23E+00	-2.38E+00
1	4	0	6	-9.97E+00	-4.69E+00	-1.60E+00
1	4	0	8	-1.02E+01	-6.71E+00	1.27E+00
1	4	1	0	-1.07E+01	-2.80E+00	-1.57E+00
1	4	1	2	-9.75E+00	-2.43E+00	-1.66E+00
1	4	1	4	-8.40E+00	-2.80E-01	-7.86E-01
0	10	0	0	-1.20E+01	-5.16E+00	-3.75E+00
0	10	0	2	-1.11E+01	-5.19E+00	-3.34E+00
0	10	0	4	-1.07E+01	-5.12E+00	-2.59E+00
0	10	0	6	-1.03E+01	-4.78E+00	-1.95E+00
0	10	0	8	-9.77E+00	-3.38E+00	-2.24E+00
0	10	1	0	-1.22E+01	-8.70E+00	1.93E-01
0	10	1	2	-1.13E+01	-9.58E+00	2.66E+00
0	10	1	4	-1.07E+01	-1.02E+01	5.86E+00
0	10	0	10	-8.31E+00	-8.46E-01	-2.68E-03
1	6	0	0	-1.17E+01	-3.96E+00	-5.54E+00
1	6	0	2	-1.10E+01	-3.66E+00	-5.41E+00
1	6	0	4	-1.07E+01	-3.05E+00	-5.23E+00
1	6	0	6	-1.01E+01	-3.67E+00	-4.06E+00
1	6	0	8	-1.01E+01	-3.38E+00	-3.00E+00
1	6	1	0	-1.17E+01	1.86E-02	-7.36E+00
1	6	1	2	-1.07E+01	-3.81E-01	-6.19E+00
1	6	1	4	-1.00E+01	-5.30E-01	-5.02E+00
1	6	0	10	-1.05E+01	-5.93E+00	2.00E+00
1	6	1	6	-8.61E+00	1.28E+00	-3.21E+00
1	8	0	0	-1.20E+01	-5.13E+00	-4.27E+00
1	8	0	2	-1.13E+01	-4.57E+00	-4.28E+00
1	8	0	4	-1.08E+01	-4.46E+00	-3.83E+00
1	8	0	6	-1.05E+01	-3.85E+00	-3.78E+00
1	8	0	8	-9.97E+00	-4.34E+00	-2.77E+00
1	8	1	0	-1.20E+01	-1.88E+00	-5.19E+00
1	8	1	2	-1.11E+01	-2.06E+00	-4.88E+00
1	8	1	4	-1.06E+01	-1.72E+00	-4.65E+00
1	8	0	10	-9.99E+00	-3.55E+00	-2.06E+00
1	8	1	6	-1.00E+01	-9.09E-01	-4.78E+00
1	8	1	8	-8.43E+00	-4.72E-02	-1.16E+00
2	0	0	0	-1.04E+01	-9.09E+00	-5.28E-01
2	0	0	2	-1.02E+01	-7.35E+00	-1.80E+00
2	0	0	4	-1.07E+01	-5.27E+00	-3.08E+00
2	0	0	6	-1.12E+01	-4.23E+00	-3.96E+00
2	0	0	8	-1.15E+01	-4.88E+00	-3.90E+00
2	0	1	0	-9.86E+00	-7.71E+00	-4.03E-01
2	0	1	2	-9.83E+00	-5.72E+00	-1.69E+00
2	0	1	4	-1.02E+01	-5.34E+00	-1.27E+00
2	0	0	10	-1.15E+01	-8.75E+00	-6.65E-01
2	0	1	6	-1.08E+01	-5.24E+00	-1.35E+00
2	0	1	8	-1.06E+01	-1.06E+01	6.48E+00
2	0	2	0	-8.40E+00	-4.54E-01	-4.30E-01
0	12	0	0	-1.23E+01	-6.16E+00	-2.87E+00
0	12	0	2	-1.16E+01	-6.11E+00	-2.65E+00
0	12	0	4	-1.12E+01	-5.82E+00	-2.46E+00
0	12	0	6	-1.08E+01	-5.60E+00	-2.05E+00
0	12	0	8	-1.04E+01	-5.10E+00	-1.72E+00
0	12	1	0	-1.29E+01	-7.91E+00	-1.53E+00
0	12	1	2	-1.21E+01	-7.85E+00	-1.22E+00
0	12	1	4	-1.16E+01	-7.74E+00	-3.75E-01
0	12	0	10	-9.76E+00	-4.26E+00	-9.10E-01
0	12	1	6	-1.13E+01	-6.47E+00	-9.46E-01
0	12	1	8	-1.08E+01	-6.81E+00	4.31E+00
0	12	2	0	-1.25E+01	-1.65E+01	7.30E+00
0	12	0	12	-8.22E+00	-1.44E+00	7.50E-01
2	2	0	0	-1.12E+01	-6.58E+00	-3.43E+00
2	2	0	2	-1.05E+01	-6.49E+00	-3.24E+00
2	2	0	4	-1.06E+01	-5.07E+00	-4.20E+00
2	2	0	6	-1.11E+01	-3.16E+00	-5.40E+00
2	2	0	8	-1.15E+01	-3.19E+00	-5.35E+00
2	2	1	0	-1.07E+01	-5.81E+00	-2.25E+00
2	2	1	2	-9.98E+00	-4.98E+00	-3.51E+00
2	2	1	4	-1.02E+01	-3.45E+00	-3.74E+00
2	2	0	10	-1.17E+01	-6.43E+00	-2.53E+00
2	2	1	6	-1.07E+01	-3.19E+00	-3.54E+00
2	2	1	8	-1.10E+01	-5.93E+00	9.55E-01
2	2	2	0	-1.03E+01	8.46E-01	-4.99E+00
2	2	0	12	-1.14E+01	-1.33E+01	3.55E+00
2	2	2	2	-8.77E+00	2.41E+00	-5.00E+00
2	4	0	0	-1.18E+01	-5.70E+00	-4.06E+00
2	4	0	2	-1.10E+01	-6.17E+00	-3.11E+00
2	4	0	4	-1.06E+01	-5.89E+00	-3.15E+00
2	4	0	6	-1.06E+01	-4.72E+00	-3.97E+00
2	4	0	8	-1.11E+01	-2.91E+00	-5.06E+00
2	4	1	0	-1.14E+01	-4.90E+00	-2.65E+00
2	4	1	2	-1.05E+01	-4.72E+00	-3.14E+00
2	4	1	4	-1.00E+01	-4.50E+00	-3.24E+00
2	4	0	10	-1.17E+01	-2.86E+00	-5.93E+00
2	4	1	6	-1.03E+01	-2.52E+00	-3.80E+00
2	4	1	8	-1.08E+01	-2.96E+00	-3.62E+00
2	4	2	0	-1.11E+01	8.25E-01	-6.36E+00
2	4	0	12	-1.16E+01	-1.00E+01	1.99E+00
2	4	2	2	-1.00E+01	2.39E-01	-4.88E+00
2	4	2	4	-8.73E+00	2.10E+00	-4.48E+00
1	10	0	0	-1.23E+01	-5.75E+00	-3.83E+00
1	10	0	2	-1.16E+01	-5.30E+00	-3.82E+00
1	10	0	4	-1.13E+01	-4.74E+00	-3.98E+00
1	10	0	6	-1.10E+01	-4.27E+00	-4.02E+00
1	10	0	8	-1.07E+01	-3.62E+00	-4.20E+00
1	10	1	0	-1.27E+01	-2.20E+00	-5.40E+00
1	10	1	2	-1.18E+01	-2.25E+00	-5.31E+00
1	10	1	4	-1.13E+01	-2.12E+00	-5.19E+00
1	10	0	10	-1.02E+01	-3.79E+00	-3.40E+00
1	10	1	6	-1.07E+01	-1.78E+00	-5.05E+00
1	10	1	8	-1.01E+01	-8.27E-01	-5.13E+00
1	10	2	0	-1.32E+01	-5.05E+00	-3.16E+00
1	10	0	12	-1.03E+01	-1.73E+00	-3.93E+00
1	10	2	2	-1.21E+01	-6.49E+00	-1.25E-01
1	10	2	4	-1.15E+01	-6.27E+00	1.51E+00
1	10	1	10	-8.64E+00	1.56E+00	-3.73E+00
2	6	0	0	-1.21E+01	-6.61E+00	-2.42E+00
2	6	0	2	-1.14E+01	-6.39E+00	-2.18E+00
2	6	0	4	-1.10E+01	-6.20E+00	-1.99E+00
2	6	0	6	-1.06E+01	-6.10E+00	-1.91E+00
2	6	0	8	-1.03E+01	-5.85E+00	-1.82E+00
2	6	1	0	-1.19E+01	-4.91E+00	-1.96E+00
2	6	1	2	-1.10E+01	-5.00E+00	-2.07E+00
2	6	1	4	-1.05E+01	-4.71E+00	-2.22E+00
2	6	0	10	-1.09E+01	-4.09E+00	-2.62E+00
2	6	1	6	-9.92E+00	-4.86E+00	-1.70E+00
2	6	1	8	-9.94E+00	-3.73E+00	-1.27E+00
2	6	2	0	-1.19E+01	7.33E-01	-7.06E+00
2	6	0	12	-1.16E+01	-5.98E+00	-1.16E+00
2	6	2	2	-1.07E+01	-8.49E-01	-4.51E+00
2	6	2	4	-9.85E+00	-1.42E+00	-2.94E+00
2	6	1	10	-1.03E+01	-7.40E+00	4.22E+00
2	6	2	6	-8.29E+00	-1.13E+00	4.66E-01
0	14	0	0	-1.31E+01	-6.60E+00	-2.26E+00
0	14	0	2	-1.24E+01	-6.51E+00	-2.12E+00
0	14	0	4	-1.20E+01	-6.27E+00	-2.00E+00
0	14	0	6	-1.17E+01	-6.11E+00	-1.77E+00
0	14	0	8	-1.13E+01	-5.88E+00	-1.56E+00
0	14	1	0	-1.31E+01	-1.10E+01	2.07E+00
0	14	1	2	-1.25E+01	-9.93E+00	1.11E+00
0	14	1	4	-1.23E+01	-8.85E+00	4.27E-01
0	14	0	10	-1.07E+01	-5.50E+00	-1.12E+00
0	14	1	6	-1.21E+01	-7.53E+00	-3.63E-01
0	14	1	8	-1.18E+01	-6.80E+00	-8.60E-02
0	14	2	0	-1.33E+01	-1.55E+01	5.16E+00
0	14	0	12	-1.01E+01	-4.17E+00	-7.71E-01
0	14	2	2	-1.24E+01	-1.61E+01	6.56E+00
0	14	2	4	-1.21E+01	-1.57E+01	7.73E+00
0	14	1	10	-1.15E+01	-5.08E+00	1.63E+00
0	14	2	6	-1.21E+01	-1.38E+01	8.09E+00
0	14	0	14	-8.38E+00	-2.59E-01	-9.35E-01
2	8	0	0	-1.25E+01	-6.39E+00	-2.98E+00
2	8	0	2	-1.18E+01	-5.92E+00	-3.19E+00
2	8	0	4	-1.14E+01	-5.95E+00	-2.66E+00
2	8	0	6	-1.10E+01	-6.28E+00	-1.83E+00
2	8	0	8	-1.06E+01	-6.15E+00	-1.62E+00
2	8	1	0	-1.24E+01	-4.62E+00	-2.79E+00
2	8	1	2	-1.16E+01	-4.37E+00	-3.13E+00
2	8	1	4	-1.10E+01	-4.21E+00	-3.36E+00
2	8	0	10	-1.05E+01	-5.64E+00	-1.63E+00
2	8	1	6	-1.05E+01	-4.27E+00	-2.76E+00
2	8	1	8	-9.91E+00	-4.61E+00	-1.83E+00
2	8	2	0	-1.25E+01	-8.33E-01	-5.20E+00
2	8	0	12	-1.12E+01	-3.44E+00	-2.59E+00
2	8	2	2	-1.15E+01	-1.07E+00	-4.99E+00
2	8	2	4	-1.07E+01	-1.35E+00	-4.37E+00
2	8	1	10	-1.00E+01	-2.98E+00	-1.61E+00
2	8	2	6	-1.00E+01	-8.09E-01	-4.41E+00
2	8	0	14	-1.18E+01	-9.46E+00	4.75E+00
2	8	2	8	-8.25E+00	-1.40E+00	8.16E-01
3	0	0	0	-1.17E+01	-9.55E+00	6.27E-01
3	0	0	2	-1.08E+01	-1.01E+01	1.10E+00
3	0	0	4	-1.13E+01	-6.87E+00	-1.77E+00
3	0	0	6	-1.19E+01	-4.48E+00	-3.67E+00
3	0	0	8	-1.25E+01	-3.32E+00	-5.21E+00
3	0	1	0	-1.05E+01	-1.18E+01	2.96E+00
3	0	1	2	-1.04E+01	-8.32E+00	-8.77E-01
3	0	1	4	-1.10E+01	-5.17E+00	-3.17E+00
3	0	0	10	-1.26E+01	-6.09E+00	-3.17E+00
3	0	1	6	-1.18E+01	-3.05E+00	-5.21E+00
3	0	1	8	-1.18E+01	-6.30E+00	-1.84E+00
3	0	2	0	-1.01E+01	-5.85E+00	-5.95E-01
3	0	0	12	-1.24E+01	-1.26E+01	2.18E+00
3	0	2	2	-1.03E+01	-3.88E+00	-2.48E+00
3	0	2	4	-1.08E+01	-3.90E+00	-2.36E+00
3	0	1	10	-1.20E+01	-1.05E+01	2.62E+00
3	0	2	6	-1.15E+01	-3.88E+00	-1.86E+00
3	0	0	14	-1.20E+01	-2.18E+01	1.12E+01
3	0	2	8	-1.15E+01	-8.72E+00	5.00E+00
3	0	3	0	-8.26E+00	-1.36E+00	6.73E-01
1	12	0	0	-1.30E+01	-6.76E+00	-2.36E+00
1	12	0	2	-1.22E+01	-6.64E+00	-2.12E+00
1	12	0	4	-1.19E+01	-6.09E+00	-2.33E+00
1	12	0	6	-1.16E+01	-5.59E+00	-2.51E+00
1	12	0	8	-1.13E+01	-5.28E+00	-2.53E+00
1	12	1	0	-1.34E+01	-4.10E+00	-3.21E+00
1	12	1	2	-1.27E+01	-3.80E+00	-3.47E+00
1	12	1	4	-1.22E+01	-3.59E+00	-3.54E+00
1	12	0	10	-1.09E+01	-5.14E+00	-2.24E+00
1	12	1	6	-1.17E+01	-3.37E+00	-3.48E+00
1	12	1	8	-1.11E+01	-2.96E+00	-3.42E+00
1	12	2	0	-1.37E+01	-7.39E+00	-3.16E-01
1	12	0	12	-1.03E+01	-5.07E+00	-1.57E+00
1	12	2	2	-1.29E+01	-7.22E+00	-3.90E-01
1	12	2	4	-1.24E+01	-6.55E+00	-6.52E-01
1	12	1	10	-1.03E+01	-2.07E+00	-3.19E+00
1	12	2	6	-1.21E+01	-4.76E+00	-1.63E+00
1	12	0	14	-1.05E+01	-1.17E+00	-3.53E+00
1	12	2	8	-1.16E+01	-4.03E+00	1.22E+00
1	12	3	0	-1.37E+01	-1.60E+01	7.89E+00
1	12	1	12	-8.57E+00	1.03E+00	-2.88E+00
3	2	0	0	-1.17E+01	-1.05E+01	1.30E+00
3	2	0	2	-1.12E+01	-9.22E+00	3.28E-01
3	2	0	4	-1.11E+01	-8.32E+00	-2.78E-01
3	2	0	6	-1.15E+01	-5.61E+00	-2.54E+00
3	2	0	8	-1.21E+01	-3.83E+00	-3.83E+00
3	2	1	0	-1.12E+01	-9.43E+00	7.32E-01
3	2	1	2	-1.06E+01	-8.59E+00	-2.55E-01
3	2	1	4	-1.06E+01	-6.94E+00	-1.42E+00
3	2	0	10	-1.27E+01	-4.31E+00	-3.53E+00
3	2	1	6	-1.13E+01	-4.35E+00	-2.99E+00
3	2	1	8	-1.18E+01	-4.18E+00	-2.91E+00
3	2	2	0	-1.11E+01	-4.87E+00	-7.51E-01
3	2	0	12	-1.26E+01	-1.03E+01	1.51E+00
3	2	2	2	-1.01E+01	-5.18E+00	-1.52E+00
3	2	2	4	-1.04E+01	-3.62E+00	-2.65E+00
3	2	1	10	-1.19E+01	-8.92E+00	1.93E+00
3	2	2	6	-1.10E+01	-4.08E+00	-1.85E+00
3	2	0	14	-1.23E+01	-1.91E+01	1.00E+01
3	2	2	8	-1.17E+01	-5.38E+00	2.43E+00
3	2	3	0	-1.02E+01	-1.97E-01	-2.43E+00
3	2	1	12	-1.26E+01	-1.22E+01	3.74E+00
3	2	3	2	-8.54E+00	7.15E-01	-2.31E+00
3	4	0	0	-1.24E+01	-8.83E+00	-7.15E-02
3	4	0	2	-1.16E+01	-9.17E+00	4.72E-01
3	4	0	4	-1.13E+01	-8.52E+00	2.07E-01
3	4	0	6	-1.12E+01	-7.14E+00	-1.05E+00
3	4	0	8	-1.15E+01	-5.10E+00	-2.77E+00
3	4	1	0	-1.18E+01	-8.53E+00	4.56E-01
3	4	1	2	-1.12E+01	-7.92E+00	-3.33E-01
3	4	1	4	-1.07E+01	-7.70E+00	-2.99E-01
3	4	0	10	-1.23E+01	-3.13E+00	-3.84E+00
3	4	1	6	-1.07E+01	-6.07E+00	-1.53E+00
3	4	1	8	-1.12E+01	-3.74E+00	-2.77E+00
3	4	2	0	-1.20E+01	-3.31E+00	-2.04E+00
3	4	0	12	-1.30E+01	-5.09E+00	-2.00E+00
3	4	2	2	-1.10E+01	-4.53E+00	-1.31E+00
3	4	2	4	-9.99E+00	-5.52E+00	-1.72E+00
3	4	1	10	-1.19E+01	-4.13E+00	-2.23E+00
3	4	2	6	-1.03E+01	-3.19E+00	-2.12E+00
3	4	0	14	-1.29E+01	-1.29E+01	4.28E+00
3	4	2	8	-1.10E+01	-4.38E+00	2.23E-01
3	4	3	0	-1.14E+01	-2.33E-01	-3.98E+00
3	4	1	12	-1.23E+01	-1.13E+01	6.45E+00
3	4	3	2	-1.01E+01	-4.55E-01	-2.87E+00
3	4	3	4	-8.53E+00	6.81E-01	-2.29E+00
0	16	0	0	-1.36E+01	-8.42E+00	-8.55E-01
0	16	0	2	-1.27E+01	-8.78E+00	-3.25E-01
0	16	0	4	-1.23E+01	-9.14E+00	2.82E-01
0	16	0	6	-1.20E+01	-9.13E+00	5.65E-01
0	16	0	8	-1.16E+01	-8.85E+00	5.37E-01
0	16	1	0	-1.35E+01	-1.19E+01	1.98E+00
0	16	1	2	-1.28E+01	-1.11E+01	1.31E+00
0	16	1	4	-1.26E+01	-1.01E+01	6.20E-01
0	16	0	10	-1.14E+01	-7.54E+00	-3.27E-01
0	16	1	6	-1.25E+01	-9.05E+00	9.35E-02
0	16	1	8	-1.22E+01	-8.30E+00	-1.22E-01
0	16	2	0	-1.38E+01	-1.59E+01	5.63E+00
0	16	0	12	-1.08E+01	-7.03E+00	9.87E-02
0	16	2	2	-1.31E+01	-1.51E+01	4.88E+00
0	16	2	4	-1.27E+01	-1.45E+01	4.76E+00
0	16	1	10	-1.18E+01	-7.94E+00	4.92E-01
0	16	2	6	-1.24E+01	-1.42E+01	5.40E+00
0	16	0	14	-1.02E+01	-4.03E+00	-1.13E+00
0	16	2	8	-1.21E+01	-1.46E+01	7.90E+00
0	16	3	0	-1.44E+01	-1.94E+01	6.48E+00
0	16	1	12	-1.15E+01	-5.12E+00	2.38E-02
0	16	3	2	-1.37E+01	-1.91E+01	7.97E+00
0	16	3	4	-1.32E+01	-1.89E+01	9.41E+00
0	16	0	16	-8.48E+00	4.40E-01	-2.01E+00
2	10	0	0	-1.30E+01	-7.06E+00	-2.53E+00
2	10	0	2	-1.23E+01	-6.75E+00	-2.57E+00
2	10	0	4	-1.19E+01	-6.71E+00	-2.06E+00
2	10	0	6	-1.15E+01	-6.84E+00	-1.54E+00
2	10	0	8	-1.12E+01	-6.87E+00	-1.08E+00
2	10	1	0	-1.30E+01	-5.79E+00	-1.90E+00
2	10	1	2	-1.22E+01	-5.31E+00	-2.43E+00
2	10	1	4	-1.17E+01	-4.92E+00	-2.84E+00
2	10	0	10	-1.11E+01	-6.47E+00	-9.90E-01
2	10	1	6	-1.12E+01	-4.78E+00	-2.74E+00
2	10	1	8	-1.07E+01	-4.90E+00	-2.13E+00
2	10	2	0	-1.35E+01	-1.56E+00	-4.48E+00
2	10	0	12	-1.11E+01	-5.24E+00	-1.51E+00
2	10	2	2	-1.25E+01	-1.71E+00	-4.44E+00
2	10	2	4	-1.18E+01	-1.93E+00	-4.20E+00
2	10	1	10	-1.01E+01	-5.27E+00	-1.09E+00
2	10	2	6	-1.10E+01	-1.97E+00	-3.89E+00
2	10	0	14	-1.18E+01	-2.79E+00	-2.47E+00
2	10	2	8	-1.03E+01	-1.10E+00	-4.08E+00
2	10	3	0	-1.41E+01	-5.63E+00	-5.22E-01
2	10	1	12	-1.03E+01	-1.62E+00	-2.71E+00
2	10	3	2	-1.32E+01	-5.14E+00	5.49E-01
2	10	3	4	-1.26E+01	-4.14E+00	1.35E+00
2	10	0	16	-1.23E+01	-9.45E+00	4.61E+00
2	10	2	10	-8.49E+00	3.94E-01	-1.84E+00
3	6	0	0	-1.28E+01	-8.63E+00	1.26E-01
3	6	0	2	-1.21E+01	-8.47E+00	3.59E-01
3	6	0	4	-1.18E+01	-7.92E+00	-7.56E-02
3	6	0	6	-1.15E+01	-7.42E+00	-4.42E-01
3	6	0	8	-1.12E+01	-6.89E+00	-1.07E+00
3	6	1	0	-1.25E+01	-8.09E+00	7.83E-01
3	6	1	2	-1.18E+01	-7.35E+00	-1.55E-01
3	6	1	4	-1.14E+01	-6.79E+00	-6.32E-01
3	6	0	10	-1.16E+01	-5.04E+00	-2.29E+00
3	6	1	6	-1.08E+01	-6.72E+00	-6.11E-01
3	6	1	8	-1.06E+01	-5.85E+00	-1.25E+00
3	6	2	0	-1.28E+01	-2.62E+00	-2.50E+00
3	6	0	12	-1.26E+01	-3.24E+00	-2.72E+00
3	6	2	2	-1.18E+01	-3.23E+00	-2.30E+00
3	6	2	4	-1.10E+01	-4.76E+00	-1.13E+00
3	6	1	10	-1.14E+01	-3.15E+00	-2.35E+00
3	6	2	6	-9.89E+00	-6.09E+00	-3.92E-01
3	6	0	14	-1.31E+01	-8.24E+00	1.82E+00
3	6	2	8	-1.02E+01	-2.82E+00	-1.56E+00
3	6	3	0	-1.25E+01	-1.45E-01	-5.07E+00
3	6	1	12	-1.23E+01	-5.60E+00	7.61E-01
3	6	3	2	-1.12E+01	-9.29E-01	-3.65E+00
3	6	3	4	-1.00E+01	-1.11E+00	-2.70E+00
3	6	0	16	-1.23E+01	-2.05E+01	1.37E+01
3	6	2	10	-1.13E+01	-4.94E+00	2.83E+00
3	6	3	6	-8.23E+00	-1.47E+00	8.43E-01
3	8	0	0	-1.32E+01	-7.85E+00	-1.46E+00
3	8	0	2	-1.24E+01	-8.02E+00	-8.87E-01
3	8	0	4	-1.20E+01	-8.18E+00	-3.18E-01
3	8	0	6	-1.17E+01	-8.13E+00	-2.81E-01
3	8	0	8	-1.15E+01	-8.04E+00	2.43E-02
3	8	1	0	-1.30E+01	-7.20E+00	-6.64E-01
3	8	1	2	-1.22E+01	-6.94E+00	-9.98E-01
3	8	1	4	-1.17E+01	-6.95E+00	-9.63E-01
3	8	0	10	-1.14E+01	-7.08E+00	-6.45E-01
3	8	1	6	-1.12E+01	-7.08E+00	-6.49E-01
3	8	1	8	-1.07E+01	-7.69E+00	2.18E-01
3	8	2	0	-1.33E+01	-2.63E+00	-3.39E+00
3	8	0	12	-1.20E+01	-5.18E+00	-1.52E+00
3	8	2	2	-1.23E+01	-3.06E+00	-3.18E+00
3	8	2	4	-1.16E+01	-4.03E+00	-2.44E+00
3	8	1	10	-1.08E+01	-5.68E+00	-1.07E+00
3	8	2	6	-1.08E+01	-5.16E+00	-1.37E+00
3	8	0	14	-1.28E+01	-6.06E+00	1.02E+00
3	8	2	8	-9.89E+00	-5.33E+00	-1.32E+00
3	8	3	0	-1.36E+01	-3.43E-01	-5.26E+00
3	8	1	12	-1.16E+01	-2.98E+00	-1.87E+00
3	8	3	2	-1.24E+01	-3.41E-01	-5.33E+00
3	8	3	4	-1.13E+01	-7.39E-01	-4.76E+00
3	8	0	16	-1.26E+01	-1.41E+01	7.77E+00
3	8	2	10	-1.02E+01	-2.25E+00	-1.64E+00
3	8	3	6	-1.03E+01	-1.46E-01	-4.84E+00
3	8	3	8	-8.25E+00	-1.35E+00	7.29E-01
0	1	0	1	-8.56E+00	1.56E+00	-4.06E+00
0	3	0	1	-9.49E+00	-4.44E+00	2.71E-01
0	3	0	3	-8.21E+00	-9.48E-01	3.80E-02
0	5	0	1	-1.02E+01	-4.92E+00	-4.86E-01
0	5	0	3	-9.55E+00	-3.73E+00	-1.20E+00
0	5	0	5	-8.30E+00	-2.60E-01	-9.29E-01
0	7	0	1	-1.07E+01	-4.73E+00	-3.05E+00
0	7	0	3	-1.02E+01	-3.95E+00	-2.70E+00
0	7	0	5	-9.53E+00	-3.94E+00	-1.23E+00
0	7	0	7	-8.19E+00	-1.10E+00	3.30E-01
1	1	0	1	-9.73E+00	-5.95E+00	-2.45E+00
1	1	0	3	-9.80E+00	-5.30E+00	-2.16E+00
1	1	0	5	-1.01E+01	-5.83E+00	-8.92E-01
1	1	0	7	-1.01E+01	-9.20E+00	3.97E+00
1	1	1	1	-8.24E+00	-8.18E-01	4.01E-03
1	3	0	1	-1.04E+01	-4.83E+00	-3.61E+00
1	3	0	3	-9.80E+00	-5.31E+00	-2.64E+00
1	3	0	5	-9.87E+00	-4.89E+00	-1.79E+00
1	3	0	7	-1.02E+01	-5.66E+00	-5.14E-01
1	3	1	1	-9.67E+00	-2.53E+00	-1.32E+00
1	3	1	3	-8.25E+00	-7.22E-01	-2.19E-01
0	9	0	1	-1.12E+01	-4.60E+00	-4.08E+00
0	9	0	3	-1.06E+01	-4.91E+00	-2.90E+00
0	9	0	5	-1.02E+01	-4.45E+00	-2.27E+00
0	9	0	7	-9.69E+00	-3.13E+00	-2.55E+00
0	9	1	1	-1.11E+01	-1.19E+01	6.78E+00
0	9	1	3	-1.07E+01	-1.03E+01	6.58E+00
0	9	0	9	-8.25E+00	-6.18E-01	-3.70E-01
1	5	0	1	-1.08E+01	-4.61E+00	-4.33E+00
1	5	0	3	-1.05E+01	-3.70E+00	-4.60E+00
1	5	0	5	-9.91E+00	-4.29E+00	-3.45E+00
1	5	0	7	-9.95E+00	-3.91E+00	-2.50E+00
1	5	1	1	-1.05E+01	-1.29E+00	-4.42E+00
1	5	1	3	-9.83E+00	-1.20E+00	-3.77E+00
1	5	0	9	-1.03E+01	-6.43E+00	1.74E+00
1	5	1	5	-8.46E+00	8.14E-01	-2.48E+00
0	11	0	1	-1.18E+01	-4.41E+00	-4.91E+00
0	11	0	3	-1.13E+01	-4.27E+00	-4.58E+00
0	11	0	5	-1.09E+01	-3.94E+00	-4.24E+00
0	11	0	7	-1.05E+01	-3.55E+00	-3.84E+00
0	11	1	1	-1.23E+01	-6.53E+00	-3.29E+00
0	11	1	3	-1.18E+01	-6.51E+00	-2.17E+00
0	11	0	9	-9.89E+00	-2.41E+00	-3.65E+00
0	11	1	5	-1.13E+01	-7.13E+00	9.51E-01
0	11	0	11	-8.52E+00	1.36E+00	-3.39E+00
1	7	0	1	-1.13E+01	-3.94E+00	-5.58E+00
1	7	0	3	-1.08E+01	-3.88E+00	-5.02E+00
1	7	0	5	-1.05E+01	-3.43E+00	-4.63E+00
1	7	0	7	-9.95E+00	-3.99E+00	-3.48E+00
1	7	1	1	-1.12E+01	-7.36E-01	-6.64E+00
1	7	1	3	-1.06E+01	-6.63E-01	-6.10E+00
1	7	0	9	-9.99E+00	-3.33E+00	-2.70E+00
1	7	1	5	-9.95E+00	-5.02E-01	-5.29E+00
1	7	0	11	-1.09E+01	-4.85E+00	2.03E+00
1	7	1	7	-8.47E+00	8.98E-01	-2.64E+00
2	1	0	1	-1.02E+01	-8.40E+00	-9.42E-01
2	1	0	3	-1.02E+01	-6.93E+00	-1.80E+00
2	1	0	5	-1.07E+01	-4.95E+00	-3.09E+00
2	1	0	7	-1.11E+01	-4.68E+00	-3.16E+00
2	1	1	1	-9.58E+00	-7.37E+00	-3.08E-01
2	1	1	3	-9.83E+00	-5.58E+00	-1.24E+00
2	1	0	9	-1.14E+01	-6.99E+00	-1.25E+00
2	1	1	5	-1.03E+01	-5.45E+00	-6.30E-01
2	1	0	11	-1.10E+01	-1.48E+01	6.81E+00
2	1	1	7	-1.05E+01	-8.12E+00	3.64E+00
2	1	2	1	-8.19E+00	-1.23E+00	5.81E-01
2	3	0	1	-1.08E+01	-7.51E+00	-1.46E+00
2	3	0	3	-1.03E+01	-7.35E+00	-1.34E+00
2	3	0	5	-1.03E+01	-6.13E+00	-2.16E+00
2	3	0	7	-1.08E+01	-4.53E+00	-3.01E+00
2	3	1	1	-1.02E+01	-6.77E+00	-4.09E-01
2	3	1	3	-9.72E+00	-6.20E+00	-1.20E+00
2	3	0	9	-1.14E+01	-4.66E+00	-3.13E+00
2	3	1	5	-9.95E+00	-4.59E+00	-1.32E+00
2	3	0	11	-1.13E+01	-1.11E+01	3.76E+00
2	3	1	7	-1.04E+01	-4.74E+00	-1.02E+00
2	3	2	1	-9.73E+00	-1.56E+00	-1.73E+00
2	3	2	3	-8.33E+00	-1.69E-01	-9.50E-01
1	9	0	1	-1.14E+01	-6.63E+00	-2.28E+00
1	9	0	3	-1.10E+01	-6.09E+00	-2.25E+00
1	9	0	5	-1.07E+01	-5.60E+00	-2.23E+00
1	9	0	7	-1.04E+01	-4.94E+00	-2.34E+00
1	9	1	1	-1.16E+01	-3.15E+00	-3.67E+00
1	9	1	3	-1.10E+01	-3.31E+00	-3.26E+00
1	9	0	9	-9.91E+00	-5.25E+00	-1.39E+00
1	9	1	5	-1.04E+01	-3.16E+00	-2.80E+00
1	9	0	11	-1.01E+01	-3.30E+00	-1.73E+00
1	9	1	7	-9.86E+00	-1.88E+00	-3.50E+00
1	9	2	1	-1.17E+01	-1.01E+01	6.07E+00
1	9	2	3	-1.12E+01	-9.02E+00	6.24E+00
1	9	1	9	-8.16E+00	-1.35E+00	7.11E-01
0	13	0	1	-1.20E+01	-6.64E+00	-2.25E+00
0	13	0	3	-1.16E+01	-6.51E+00	-2.02E+00
0	13	0	5	-1.12E+01	-6.38E+00	-1.72E+00
0	13	0	7	-1.08E+01	-6.02E+00	-1.55E+00
0	13	1	1	-1.22E+01	-9.79E+00	4.92E-01
0	13	1	3	-1.19E+01	-8.98E+00	8.60E-02
0	13	0	9	-1.03E+01	-5.71E+00	-9.84E-01
0	13	1	5	-1.15E+01	-8.40E+00	1.93E-01
0	13	0	11	-9.64E+00	-4.69E+00	-3.78E-01
0	13	1	7	-1.12E+01	-7.78E+00	5.88E-01
0	13	2	1	-1.19E+01	-1.83E+01	9.40E+00
0	13	2	3	-1.16E+01	-1.69E+01	8.89E+00
0	13	1	9	-1.10E+01	-6.26E+00	3.43E+00
0	13	0	13	-8.20E+00	-9.74E-01	1.66E-01
2	5	0	1	-1.13E+01	-6.64E+00	-2.18E+00
2	5	0	3	-1.09E+01	-6.63E+00	-1.77E+00
2	5	0	5	-1.05E+01	-6.16E+00	-2.17E+00
2	5	0	7	-1.03E+01	-5.81E+00	-2.15E+00
2	5	1	1	-1.09E+01	-5.52E+00	-1.43E+00
2	5	1	3	-1.04E+01	-5.21E+00	-1.88E+00
2	5	0	9	-1.09E+01	-4.35E+00	-2.60E+00
2	5	1	5	-9.80E+00	-5.23E+00	-1.55E+00
2	5	0	11	-1.17E+01	-5.02E+00	-2.57E+00
2	5	1	7	-9.88E+00	-3.99E+00	-1.28E+00
2	5	2	1	-1.06E+01	-8.82E-01	-4.05E+00
2	5	2	3	-9.65E+00	-2.07E+00	-1.70E+00
2	5	1	9	-1.04E+01	-6.09E+00	1.53E+00
2	5	0	13	-1.12E+01	-1.44E+01	7.80E+00
2	5	2	5	-8.16E+00	-1.38E+00	7.75E-01
1	11	0	1	-1.23E+01	-7.39E+00	-9.02E-01
1	11	0	3	-1.18E+01	-6.76E+00	-1.12E+00
1	11	0	5	-1.15E+01	-5.99E+00	-1.51E+00
1	11	0	7	-1.12E+01	-5.40E+00	-1.79E+00
1	11	1	1	-1.25E+01	-4.33E+00	-2.29E+00
1	11	1	3	-1.19E+01	-4.33E+00	-2.18E+00
1	11	0	9	-1.08E+01	-5.18E+00	-1.59E+00
1	11	1	5	-1.14E+01	-4.25E+00	-1.97E+00
1	11	0	11	-1.01E+01	-5.57E+00	-6.03E-01
1	11	1	7	-1.08E+01	-3.91E+00	-1.81E+00
1	11	2	1	-1.29E+01	-7.15E+00	-3.56E-01
1	11	2	3	-1.24E+01	-6.59E+00	-1.05E-01
1	11	1	9	-1.01E+01	-2.73E+00	-2.07E+00
1	11	0	13	-1.01E+01	-2.87E+00	-1.75E+00
1	11	2	5	-1.19E+01	-6.19E+00	1.71E+00
1	11	1	11	-8.20E+00	-1.04E+00	2.70E-01
2	7	0	1	-1.17E+01	-6.16E+00	-3.17E+00
2	7	0	3	-1.13E+01	-6.15E+00	-2.72E+00
2	7	0	5	-1.09E+01	-6.51E+00	-1.81E+00
2	7	0	7	-1.05E+01	-6.48E+00	-1.53E+00
2	7	1	1	-1.15E+01	-4.88E+00	-2.54E+00
2	7	1	3	-1.09E+01	-4.80E+00	-2.68E+00
2	7	0	9	-1.04E+01	-6.13E+00	-1.33E+00
2	7	1	5	-1.04E+01	-4.74E+00	-2.36E+00
2	7	0	11	-1.12E+01	-3.87E+00	-2.22E+00
2	7	1	7	-9.79E+00	-5.00E+00	-1.53E+00
2	7	2	1	-1.15E+01	-2.30E-01	-6.04E+00
2	7	2	3	-1.07E+01	-6.71E-01	-5.21E+00
2	7	1	9	-9.96E+00	-3.27E+00	-1.42E+00
2	7	0	13	-1.13E+01	-9.61E+00	3.47E+00
2	7	2	5	-9.83E+00	-1.05E+00	-3.91E+00
2	7	1	11	-1.11E+01	-6.28E+00	5.31E+00
2	7	2	7	-8.19E+00	-1.14E+00	4.50E-01
3	1	0	1	-1.12E+01	-8.77E+00	-8.59E-01
3	1	0	3	-1.11E+01	-7.78E+00	-1.56E+00
3	1	0	5	-1.15E+01	-5.13E+00	-3.72E+00
3	1	0	7	-1.21E+01	-3.12E+00	-5.35E+00
3	1	1	1	-1.05E+01	-8.66E+00	-9.68E-01
3	1	1	3	-1.06E+01	-6.30E+00	-2.98E+00
3	1	0	9	-1.27E+01	-3.37E+00	-5.17E+00
3	1	1	5	-1.12E+01	-3.73E+00	-4.62E+00
3	1	0	11	-1.25E+01	-9.38E+00	-1.33E-01
3	1	1	7	-1.18E+01	-3.09E+00	-4.92E+00
3	1	2	1	-1.01E+01	-4.20E+00	-2.83E+00
3	1	2	3	-1.05E+01	-2.48E+00	-4.58E+00
3	1	1	9	-1.20E+01	-6.66E+00	-1.52E+00
3	1	0	13	-1.24E+01	-1.41E+01	3.33E+00
3	1	2	5	-1.10E+01	-2.67E+00	-4.39E+00
3	1	1	11	-1.26E+01	-1.08E+01	2.45E+00
3	1	2	7	-1.16E+01	-4.03E+00	-6.85E-01
3	1	3	1	-8.67E+00	2.35E+00	-4.95E+00
0	15	0	1	-1.27E+01	-7.27E+00	-1.77E+00
0	15	0	3	-1.22E+01	-7.26E+00	-1.51E+00
0	15	0	5	-1.19E+01	-7.18E+00	-1.32E+00
0	15	0	7	-1.16E+01	-6.80E+00	-1.32E+00
0	15	1	1	-1.27E+01	-1.14E+01	1.75E+00
0	15	1	3	-1.24E+01	-1.00E+01	7.07E-01
0	15	0	9	-1.11E+01	-6.65E+00	-1.12E+00
0	15	1	5	-1.23E+01	-8.72E+00	-1.76E-01
0	15	0	11	-1.06E+01	-5.91E+00	-9.81E-01
0	15	1	7	-1.21E+01	-7.66E+00	-7.38E-01
0	15	2	1	-1.27E+01	-1.70E+01	6.66E+00
0	15	2	3	-1.23E+01	-1.64E+01	6.75E+00
0	15	1	9	-1.16E+01	-7.75E+00	2.86E-01
0	15	0	13	-1.00E+01	-3.98E+00	-1.12E+00
0	15	2	5	-1.22E+01	-1.48E+01	6.52E+00
0	15	1	11	-1.14E+01	-4.86E+00	4.78E-01
0	15	2	7	-1.20E+01	-1.42E+01	8.07E+00
0	15	3	1	-1.34E+01	-2.08E+01	8.37E+00
0	15	0	15	-8.37E+00	2.54E-01	-1.70E+00
3	3	0	1	-1.14E+01	-1.01E+01	1.47E+00
3	3	0	3	-1.11E+01	-9.41E+00	1.17E+00
3	3	0	5	-1.10E+01	-8.18E+00	1.26E-01
3	3	0	7	-1.14E+01	-5.95E+00	-1.84E+00
3	3	1	1	-1.09E+01	-9.36E+00	1.26E+00
3	3	1	3	-1.05E+01	-8.58E+00	3.80E-01
3	3	0	9	-1.21E+01	-4.22E+00	-2.75E+00
3	3	1	5	-1.05E+01	-7.14E+00	-4.87E-01
3	3	0	11	-1.28E+01	-6.38E+00	-5.20E-01
3	3	1	7	-1.11E+01	-4.73E+00	-1.88E+00
3	3	2	1	-1.08E+01	-5.29E+00	2.06E-02
3	3	2	3	-9.86E+00	-5.89E+00	-8.67E-01
3	3	1	9	-1.18E+01	-5.01E+00	-1.21E+00
3	3	0	13	-1.23E+01	-1.30E+01	4.76E+00
3	3	2	5	-1.02E+01	-4.39E+00	-9.84E-01
3	3	1	11	-1.22E+01	-1.11E+01	6.08E+00
3	3	2	7	-1.08E+01	-5.32E+00	6.64E-01
3	3	3	1	-9.78E+00	-1.78E+00	-5.31E-01
3	3	0	15	-1.22E+01	-2.08E+01	1.19E+01
3	3	3	3	-8.17E+00	-1.33E+00	7.06E-01
2	9	0	1	-1.25E+01	-5.01E+00	-5.25E+00
2	9	0	3	-1.20E+01	-5.19E+00	-4.57E+00
2	9	0	5	-1.16E+01	-5.82E+00	-3.47E+00
2	9	0	7	-1.12E+01	-6.14E+00	-2.64E+00
2	9	1	1	-1.23E+01	-4.22E+00	-4.14E+00
2	9	1	3	-1.17E+01	-3.92E+00	-4.51E+00
2	9	0	9	-1.11E+01	-5.66E+00	-2.60E+00
2	9	1	5	-1.13E+01	-3.60E+00	-4.69E+00
2	9	0	11	-1.13E+01	-4.13E+00	-3.33E+00
2	9	1	7	-1.08E+01	-3.78E+00	-3.98E+00
2	9	2	1	-1.26E+01	8.27E-02	-6.85E+00
2	9	2	3	-1.19E+01	-9.60E-02	-6.72E+00
2	9	1	9	-1.02E+01	-4.20E+00	-2.94E+00
2	9	0	13	-1.19E+01	-1.13E+00	-5.11E+00
2	9	2	5	-1.11E+01	-2.96E-01	-6.23E+00
2	9	1	11	-1.05E+01	-5.51E-01	-4.60E+00
2	9	2	7	-1.03E+01	3.13E-01	-6.13E+00
2	9	3	1	-1.34E+01	-4.06E+00	-4.05E-01
2	9	0	15	-1.23E+01	-5.45E+00	-7.31E-01
2	9	3	3	-1.29E+01	-1.80E+00	-1.56E+00
2	9	2	9	-8.64E+00	2.23E+00	-4.81E+00
1	13	0	1	-1.28E+01	-7.38E+00	-1.17E+00
1	13	0	3	-1.23E+01	-7.38E+00	-8.60E-01
1	13	0	5	-1.19E+01	-7.11E+00	-9.03E-01
1	13	0	7	-1.17E+01	-6.63E+00	-1.14E+00
1	13	1	1	-1.29E+01	-7.82E+00	6.24E-01
1	13	1	3	-1.25E+01	-7.44E+00	3.65E-01
1	13	0	9	-1.12E+01	-6.68E+00	-9.29E-01
1	13	1	5	-1.21E+01	-6.75E+00	-1.27E-01
1	13	0	11	-1.09E+01	-6.02E+00	-1.07E+00
1	13	1	7	-1.18E+01	-5.72E+00	-7.96E-01
1	13	2	1	-1.31E+01	-1.02E+01	2.21E+00
1	13	2	3	-1.26E+01	-9.27E+00	1.54E+00
1	13	1	9	-1.10E+01	-5.45E+00	-5.58E-01
1	13	0	13	-1.01E+01	-5.77E+00	-6.85E-01
1	13	2	5	-1.22E+01	-7.99E+00	6.43E-01
1	13	1	11	-1.02E+01	-3.54E+00	-1.07E+00
1	13	2	7	-1.20E+01	-6.67E+00	3.71E-01
1	13	3	1	-1.35E+01	-1.52E+01	6.79E+00
1	13	0	15	-1.03E+01	-1.85E+00	-2.24E+00
1	13	3	3	-1.28E+01	-1.46E+01	7.12E+00
1	13	2	9	-1.13E+01	-5.04E+00	1.64E+00
1	13	1	13	-8.17E+00	-1.20E+00	3.22E-01
3	5	0	1	-1.22E+01	-7.35E+00	-1.79E+00
3	5	0	3	-1.18E+01	-6.90E+00	-2.03E+00
3	5	0	5	-1.16E+01	-6.30E+00	-2.46E+00
3	5	0	7	-1.13E+01	-5.89E+00	-2.96E+00
3	5	1	1	-1.18E+01	-6.38E+00	-2.16E+00
3	5	1	3	-1.14E+01	-5.86E+00	-2.66E+00
3	5	0	9	-1.17E+01	-4.12E+00	-4.18E+00
3	5	1	5	-1.09E+01	-5.71E+00	-2.61E+00
3	5	0	11	-1.28E+01	-2.57E+00	-4.43E+00
3	5	1	7	-1.07E+01	-4.87E+00	-3.26E+00
3	5	2	1	-1.20E+01	-1.72E+00	-4.33E+00
3	5	2	3	-1.11E+01	-3.21E+00	-3.41E+00
3	5	1	9	-1.15E+01	-2.08E+00	-4.60E+00
3	5	0	13	-1.29E+01	-7.34E+00	-1.90E-01
3	5	2	5	-1.00E+01	-4.53E+00	-3.16E+00
3	5	1	11	-1.27E+01	-3.02E+00	-3.07E+00
3	5	2	7	-1.04E+01	-1.41E+00	-4.25E+00
3	5	3	1	-1.13E+01	1.05E+00	-6.24E+00
3	5	0	15	-1.29E+01	-1.41E+01	5.28E+00
3	5	3	3	-1.02E+01	1.05E+00	-5.55E+00
3	5	2	9	-1.16E+01	-1.45E+00	-2.59E+00
3	5	1	13	-1.28E+01	-9.61E+00	4.62E+00
3	5	3	5	-8.68E+00	2.43E+00	-5.06E+00
3	7	0	1	-1.23E+01	-8.45E+00	-4.36E-01
3	7	0	3	-1.19E+01	-8.47E+00	-1.58E-01
3	7	0	5	-1.16E+01	-8.43E+00	-1.35E-01
3	7	0	7	-1.13E+01	-8.40E+00	1.97E-01
3	7	1	1	-1.21E+01	-7.14E+00	-8.39E-01
3	7	1	3	-1.15E+01	-7.33E+00	-7.24E-01
3	7	0	9	-1.13E+01	-7.64E+00	-2.66E-01
3	7	1	5	-1.11E+01	-7.54E+00	-3.36E-01
3	7	0	11	-1.19E+01	-5.95E+00	-8.66E-01
3	7	1	7	-1.06E+01	-8.18E+00	5.74E-01
3	7	2	1	-1.23E+01	-3.28E+00	-2.55E+00
3	7	2	3	-1.14E+01	-4.25E+00	-1.95E+00
3	7	1	9	-1.07E+01	-6.13E+00	-8.35E-01
3	7	0	13	-1.28E+01	-5.38E+00	1.74E-01
3	7	2	5	-1.06E+01	-5.87E+00	-5.67E-01
3	7	1	11	-1.16E+01	-3.64E+00	-1.27E+00
3	7	2	7	-9.75E+00	-5.89E+00	-8.45E-01
3	7	3	1	-1.22E+01	-3.36E-01	-5.14E+00
3	7	0	15	-1.26E+01	-1.10E+01	5.03E+00
3	7	3	3	-1.12E+01	-5.50E-01	-4.69E+00
3	7	2	9	-1.02E+01	-2.87E+00	-1.17E+00
3	7	1	13	-1.21E+01	-8.57E+00	4.88E+00
3	7	3	5	-1.00E+01	-7.77E-01	-3.62E+00
3	7	3	7	-8.15E+00	-1.39E+00	7.81E-01
