20429 // magic number - today's date
# fits for colllisional rates within H2
# >>refer	H2	collision	Le Bourlot, J., Pineau des Forets, G., & Flower, D.R. 1999, MNRAS, 305, 802
#log(q(v,j to v',j') cm3s-1)=a+b/t+c/t2 where t=(T(K)/1000)+dt, 
#v_upper	j_upper	v_lower	j_lower	a	b	c
0	2	0	0	-9.96E+00	-1.19E+00	-1.17E+00
0	4	0	0	-1.05E+01	-3.06E+00	-1.44E+00
0	4	0	2	-9.73E+00	-1.76E+00	-1.75E+00
0	6	0	0	-1.10E+01	-5.11E+00	-1.69E+00
0	6	0	2	-1.03E+01	-3.76E+00	-2.21E+00
0	6	0	4	-9.77E+00	-2.16E+00	-2.50E+00
0	8	0	0	-1.14E+01	-8.25E+00	-4.40E-01
0	8	0	2	-1.07E+01	-6.74E+00	-1.23E+00
0	8	0	4	-1.02E+01	-5.07E+00	-1.87E+00
0	8	0	6	-9.73E+00	-3.32E+00	-1.98E+00
1	0	0	0	-1.19E+01	-6.83E+00	-8.49E-01
1	0	0	2	-1.14E+01	-7.80E+00	3.88E-01
1	0	0	4	-1.13E+01	-6.44E+00	-2.08E+00
1	0	0	6	-1.09E+01	-8.72E+00	-7.02E-01
1	0	0	8	-1.04E+01	-1.43E+01	4.92E+00
1	2	0	0	-1.21E+01	-7.00E+00	-1.97E+00
1	2	0	2	-1.14E+01	-6.62E+00	-1.63E+00
1	2	0	4	-1.13E+01	-6.27E+00	-1.18E+00
1	2	0	6	-1.09E+01	-8.43E+00	8.85E-01
1	2	0	8	-1.04E+01	-1.39E+01	6.66E+00
1	2	1	0	-1.00E+01	-5.51E-01	-2.04E+00
1	4	0	0	-1.21E+01	-8.15E+00	-1.28E+00
1	4	0	2	-1.14E+01	-7.65E+00	-1.40E+00
1	4	0	4	-1.12E+01	-6.87E+00	-1.25E+00
1	4	0	6	-1.11E+01	-5.43E+00	-1.46E+00
1	4	0	8	-1.10E+01	-7.79E+00	2.44E+00
1	4	1	0	-1.05E+01	-2.80E+00	-1.52E+00
1	4	1	2	-9.70E+00	-1.75E+00	-1.62E+00
0	10	0	0	-1.19E+01	-1.16E+01	1.13E+00
0	10	0	2	-1.11E+01	-1.00E+01	1.94E-01
0	10	0	4	-1.06E+01	-8.18E+00	-7.63E-01
0	10	0	6	-1.02E+01	-6.45E+00	-1.27E+00
0	10	0	8	-9.72E+00	-4.34E+00	-1.49E+00
0	10	1	0	-1.20E+01	-1.47E+01	4.10E+00
0	10	1	2	-1.14E+01	-1.33E+01	3.56E+00
0	10	1	4	-1.11E+01	-1.18E+01	4.27E+00
1	6	0	0	-1.22E+01	-9.06E+00	-1.62E+00
1	6	0	2	-1.15E+01	-8.66E+00	-1.75E+00
1	6	0	4	-1.13E+01	-7.39E+00	-2.24E+00
1	6	0	6	-1.11E+01	-5.75E+00	-2.69E+00
1	6	0	8	-1.11E+01	-3.82E+00	-2.98E+00
1	6	1	0	-1.11E+01	-4.28E+00	-2.44E+00
1	6	1	2	-1.03E+01	-3.09E+00	-2.88E+00
1	6	1	4	-9.84E+00	-1.40E+00	-3.34E+00
1	6	0	10	-1.13E+01	-5.55E+00	1.40E+00
1	8	0	0	-1.23E+01	-1.15E+01	-1.57E-01
1	8	0	2	-1.16E+01	-1.10E+01	-3.04E-01
1	8	0	4	-1.13E+01	-9.82E+00	-8.32E-01
1	8	0	6	-1.11E+01	-8.19E+00	-1.46E+00
1	8	0	8	-1.09E+01	-6.33E+00	-1.76E+00
1	8	1	0	-1.15E+01	-7.59E+00	-7.38E-01
1	8	1	2	-1.07E+01	-6.28E+00	-1.38E+00
1	8	1	4	-1.03E+01	-4.55E+00	-2.09E+00
1	8	0	10	-1.08E+01	-3.82E+00	-2.05E+00
1	8	1	6	-9.74E+00	-2.98E+00	-2.10E+00
2	0	0	0	-1.29E+01	-1.26E+01	3.02E+00
2	0	0	2	-1.24E+01	-1.12E+01	1.50E+00
2	0	0	4	-1.19E+01	-1.25E+01	1.92E+00
2	0	0	6	-1.20E+01	-1.08E+01	-3.44E-01
2	0	0	8	-1.18E+01	-1.16E+01	-6.88E-01
2	0	1	0	-1.17E+01	-6.31E+00	-8.81E-01
2	0	1	2	-1.11E+01	-7.28E+00	2.80E-01
2	0	1	4	-1.10E+01	-5.89E+00	-2.16E+00
2	0	0	10	-1.12E+01	-1.70E+01	5.04E+00
2	0	1	6	-1.06E+01	-7.85E+00	-1.31E+00
2	0	1	8	-1.02E+01	-1.32E+01	4.04E+00
0	12	0	0	-1.24E+01	-1.43E+01	1.74E+00
0	12	0	2	-1.16E+01	-1.26E+01	5.74E-01
0	12	0	4	-1.12E+01	-1.08E+01	-4.53E-01
0	12	0	6	-1.07E+01	-8.88E+00	-1.35E+00
0	12	0	8	-1.03E+01	-6.72E+00	-2.10E+00
0	12	1	0	-1.22E+01	-1.78E+01	6.18E+00
0	12	1	2	-1.15E+01	-1.61E+01	5.33E+00
0	12	1	4	-1.12E+01	-1.39E+01	4.26E+00
0	12	0	10	-9.82E+00	-4.42E+00	-2.18E+00
0	12	1	6	-1.10E+01	-1.14E+01	3.60E+00
0	12	1	8	-1.10E+01	-7.85E+00	4.39E+00
0	12	2	0	-1.20E+01	-2.25E+01	8.22E+00
2	2	0	0	-1.33E+01	-9.71E+00	-1.87E+00
2	2	0	2	-1.24E+01	-1.05E+01	-5.06E-01
2	2	0	4	-1.23E+01	-9.68E+00	-1.14E+00
2	2	0	6	-1.22E+01	-9.70E+00	-8.12E-01
2	2	0	8	-1.19E+01	-1.06E+01	8.21E-02
2	2	1	0	-1.21E+01	-5.11E+00	-3.73E+00
2	2	1	2	-1.14E+01	-4.64E+00	-3.78E+00
2	2	1	4	-1.12E+01	-4.53E+00	-3.21E+00
2	2	0	10	-1.14E+01	-1.49E+01	3.75E+00
2	2	1	6	-1.08E+01	-6.40E+00	-1.50E+00
2	2	1	8	-1.04E+01	-1.08E+01	2.61E+00
2	2	2	0	-1.03E+01	1.44E+00	-4.89E+00
2	2	0	12	-1.06E+01	-2.18E+01	8.79E+00
2	4	0	0	-1.29E+01	-1.15E+01	-3.59E-01
2	4	0	2	-1.23E+01	-1.11E+01	-6.18E-01
2	4	0	4	-1.21E+01	-1.05E+01	-5.93E-01
2	4	0	6	-1.22E+01	-8.64E+00	-1.94E+00
2	4	0	8	-1.23E+01	-7.38E+00	-2.17E+00
2	4	1	0	-1.20E+01	-6.05E+00	-3.33E+00
2	4	1	2	-1.13E+01	-5.63E+00	-3.43E+00
2	4	1	4	-1.11E+01	-4.71E+00	-3.64E+00
2	4	0	10	-1.19E+01	-1.03E+01	1.40E+00
2	4	1	6	-1.10E+01	-3.69E+00	-3.55E+00
2	4	1	8	-1.09E+01	-5.82E+00	-1.11E-01
2	4	2	0	-1.07E+01	-1.07E+00	-3.91E+00
2	4	0	12	-1.08E+01	-1.79E+01	7.86E+00
2	4	2	2	-9.96E+00	2.45E-01	-4.34E+00
1	10	0	0	-1.25E+01	-1.36E+01	3.65E-01
1	10	0	2	-1.18E+01	-1.28E+01	-9.72E-02
1	10	0	4	-1.15E+01	-1.15E+01	-8.82E-01
1	10	0	6	-1.12E+01	-1.00E+01	-1.50E+00
1	10	0	8	-1.10E+01	-8.15E+00	-2.19E+00
1	10	1	0	-1.21E+01	-9.56E+00	-9.61E-01
1	10	1	2	-1.13E+01	-8.12E+00	-1.80E+00
1	10	1	4	-1.08E+01	-6.42E+00	-2.68E+00
1	10	0	10	-1.08E+01	-5.85E+00	-2.71E+00
1	10	1	6	-1.04E+01	-4.67E+00	-3.28E+00
1	10	1	8	-9.89E+00	-2.72E+00	-3.48E+00
1	10	2	0	-1.18E+01	-1.25E+01	1.12E+00
1	10	0	12	-1.07E+01	-2.40E+00	-3.39E+00
1	10	2	2	-1.12E+01	-1.12E+01	7.14E-01
1	10	2	4	-1.09E+01	-9.74E+00	1.28E+00
2	6	0	0	-1.27E+01	-1.41E+01	1.98E+00
2	6	0	2	-1.21E+01	-1.34E+01	1.46E+00
2	6	0	4	-1.19E+01	-1.22E+01	6.40E-01
2	6	0	6	-1.19E+01	-1.08E+01	1.93E-01
2	6	0	8	-1.19E+01	-8.72E+00	-1.08E+00
2	6	1	0	-1.20E+01	-8.30E+00	-1.59E+00
2	6	1	2	-1.13E+01	-7.93E+00	-1.64E+00
2	6	1	4	-1.10E+01	-7.03E+00	-1.76E+00
2	6	0	10	-1.19E+01	-7.32E+00	-1.01E+00
2	6	1	6	-1.08E+01	-5.70E+00	-1.96E+00
2	6	1	8	-1.07E+01	-4.20E+00	-1.84E+00
2	6	2	0	-1.09E+01	-4.85E+00	-1.23E+00
2	6	0	12	-1.14E+01	-1.17E+01	4.00E+00
2	6	2	2	-1.02E+01	-3.69E+00	-1.59E+00
2	6	2	4	-9.67E+00	-2.35E+00	-1.65E+00
2	6	1	10	-1.06E+01	-7.64E+00	4.24E+00
0	14	0	0	-1.28E+01	-1.87E+01	4.93E+00
0	14	0	2	-1.20E+01	-1.68E+01	3.48E+00
0	14	0	4	-1.16E+01	-1.46E+01	1.99E+00
0	14	0	6	-1.11E+01	-1.26E+01	7.69E-01
0	14	0	8	-1.07E+01	-1.03E+01	-3.65E-01
0	14	1	0	-1.25E+01	-2.18E+01	9.18E+00
0	14	1	2	-1.17E+01	-2.04E+01	8.37E+00
0	14	1	4	-1.13E+01	-1.85E+01	7.35E+00
0	14	0	10	-1.03E+01	-8.07E+00	-1.07E+00
0	14	1	6	-1.09E+01	-1.63E+01	6.32E+00
0	14	1	8	-1.07E+01	-1.36E+01	5.19E+00
0	14	2	0	-1.17E+01	-2.81E+01	1.40E+01
0	14	0	12	-9.81E+00	-5.38E+00	-1.42E+00
0	14	2	2	-1.10E+01	-2.69E+01	1.37E+01
0	14	2	4	-1.06E+01	-2.57E+01	1.40E+01
0	14	1	10	-1.06E+01	-9.40E+00	4.10E+00
0	14	2	6	-1.05E+01	-2.26E+01	1.34E+01
2	8	0	0	-1.24E+01	-1.72E+01	4.04E+00
2	8	0	2	-1.18E+01	-1.63E+01	3.44E+00
2	8	0	4	-1.16E+01	-1.49E+01	2.51E+00
2	8	0	6	-1.15E+01	-1.29E+01	9.80E-01
2	8	0	8	-1.14E+01	-1.10E+01	-1.25E-02
2	8	1	0	-1.20E+01	-1.04E+01	-9.63E-01
2	8	1	2	-1.13E+01	-9.73E+00	-1.27E+00
2	8	1	4	-1.10E+01	-8.61E+00	-1.74E+00
2	8	0	10	-1.15E+01	-8.52E+00	-1.48E+00
2	8	1	6	-1.08E+01	-7.28E+00	-2.07E+00
2	8	1	8	-1.06E+01	-5.77E+00	-2.08E+00
2	8	2	0	-1.13E+01	-7.21E+00	-9.86E-01
2	8	0	12	-1.18E+01	-5.87E+00	-1.83E+00
2	8	2	2	-1.06E+01	-5.79E+00	-1.69E+00
2	8	2	4	-1.02E+01	-4.30E+00	-2.15E+00
2	8	1	10	-1.04E+01	-3.64E+00	-2.01E+00
2	8	2	6	-9.71E+00	-2.79E+00	-2.08E+00
2	8	0	14	-1.07E+01	-1.29E+01	4.01E+00
3	0	0	0	-1.34E+01	-1.79E+01	9.37E+00
3	0	0	2	-1.30E+01	-1.62E+01	5.82E+00
3	0	0	4	-1.26E+01	-1.72E+01	7.00E+00
3	0	0	6	-1.22E+01	-1.85E+01	7.64E+00
3	0	0	8	-1.20E+01	-1.77E+01	5.34E+00
3	0	1	0	-1.32E+01	-9.43E+00	5.95E-02
3	0	1	2	-1.25E+01	-9.22E+00	-1.09E-01
3	0	1	4	-1.21E+01	-1.09E+01	1.32E+00
3	0	0	10	-1.08E+01	-2.34E+01	9.14E+00
3	0	1	6	-1.21E+01	-9.50E+00	-1.08E+00
3	0	1	8	-1.13E+01	-1.28E+01	1.01E+00
3	0	2	0	-1.16E+01	-5.85E+00	-1.43E+00
3	0	0	12	-1.02E+01	-2.49E+01	9.45E+00
3	0	2	2	-1.12E+01	-6.24E+00	-7.76E-01
3	0	2	4	-1.13E+01	-4.59E+00	-3.43E+00
3	0	1	10	-1.02E+01	-1.83E+01	5.96E+00
3	0	2	6	-1.10E+01	-5.83E+00	-2.89E+00
3	0	0	14	-1.01E+01	-2.91E+01	1.17E+01
3	0	2	8	-1.04E+01	-1.02E+01	6.04E-01
1	12	0	0	-1.30E+01	-1.62E+01	2.19E+00
1	12	0	2	-1.23E+01	-1.53E+01	1.56E+00
1	12	0	4	-1.20E+01	-1.40E+01	7.72E-01
1	12	0	6	-1.16E+01	-1.28E+01	8.92E-02
1	12	0	8	-1.13E+01	-1.11E+01	-7.17E-01
1	12	1	0	-1.30E+01	-1.15E+01	-7.99E-02
1	12	1	2	-1.22E+01	-1.01E+01	-9.62E-01
1	12	1	4	-1.16E+01	-8.68E+00	-1.72E+00
1	12	0	10	-1.10E+01	-8.85E+00	-1.55E+00
1	12	1	6	-1.11E+01	-7.09E+00	-2.39E+00
1	12	1	8	-1.07E+01	-5.42E+00	-2.81E+00
1	12	2	0	-1.16E+01	-1.83E+01	6.87E+00
1	12	0	12	-1.07E+01	-6.27E+00	-2.09E+00
1	12	2	2	-1.10E+01	-1.69E+01	6.24E+00
1	12	2	4	-1.07E+01	-1.49E+01	5.36E+00
1	12	1	10	-1.01E+01	-3.46E+00	-2.88E+00
1	12	2	6	-1.05E+01	-1.21E+01	4.28E+00
1	12	0	14	-1.03E+01	-2.56E+00	-2.55E+00
1	12	2	8	-1.05E+01	-7.79E+00	3.43E+00
1	12	3	0	-1.07E+01	-2.47E+01	1.01E+01
3	2	0	0	-1.35E+01	-1.70E+01	6.16E+00
3	2	0	2	-1.27E+01	-1.79E+01	8.17E+00
3	2	0	4	-1.25E+01	-1.71E+01	6.61E+00
3	2	0	6	-1.25E+01	-1.59E+01	5.01E+00
3	2	0	8	-1.21E+01	-1.69E+01	5.87E+00
3	2	1	0	-1.33E+01	-9.07E+00	-1.16E+00
3	2	1	2	-1.24E+01	-9.92E+00	-2.20E-01
3	2	1	4	-1.23E+01	-8.92E+00	-8.68E-01
3	2	0	10	-1.09E+01	-2.20E+01	1.00E+01
3	2	1	6	-1.21E+01	-9.21E+00	1.53E-01
3	2	1	8	-1.13E+01	-1.29E+01	3.38E+00
3	2	2	0	-1.20E+01	-6.03E+00	-1.98E+00
3	2	0	12	-1.02E+01	-2.38E+01	9.87E+00
3	2	2	2	-1.13E+01	-5.57E+00	-1.95E+00
3	2	2	4	-1.12E+01	-4.88E+00	-1.92E+00
3	2	1	10	-1.01E+01	-1.81E+01	7.21E+00
3	2	2	6	-1.09E+01	-6.79E+00	-1.69E-02
3	2	0	14	-1.01E+01	-2.78E+01	1.20E+01
3	2	2	8	-1.02E+01	-1.18E+01	4.85E+00
3	2	3	0	-1.01E+01	9.28E-02	-2.65E+00
3	2	1	12	-9.11E+00	-2.50E+01	1.18E+01
3	4	0	0	-1.33E+01	-1.98E+01	9.46E+00
3	4	0	2	-1.26E+01	-1.92E+01	8.67E+00
3	4	0	4	-1.23E+01	-1.90E+01	8.92E+00
3	4	0	6	-1.21E+01	-1.78E+01	6.92E+00
3	4	0	8	-1.18E+01	-1.67E+01	5.09E+00
3	4	1	0	-1.31E+01	-1.02E+01	-1.09E+00
3	4	1	2	-1.24E+01	-9.91E+00	-1.05E+00
3	4	1	4	-1.21E+01	-9.88E+00	-4.97E-01
3	4	0	10	-1.12E+01	-1.74E+01	5.96E+00
3	4	1	6	-1.19E+01	-8.77E+00	-1.15E+00
3	4	1	8	-1.15E+01	-9.30E+00	3.95E-01
3	4	2	0	-1.22E+01	-6.08E+00	-2.34E+00
3	4	0	12	-1.09E+01	-1.79E+01	6.30E+00
3	4	2	2	-1.15E+01	-5.65E+00	-2.49E+00
3	4	2	4	-1.11E+01	-5.20E+00	-2.29E+00
3	4	1	10	-1.07E+01	-1.29E+01	4.07E+00
3	4	2	6	-1.09E+01	-4.22E+00	-2.26E+00
3	4	0	14	-1.01E+01	-2.41E+01	1.06E+01
3	4	2	8	-1.07E+01	-6.86E+00	1.75E+00
3	4	3	0	-1.06E+01	-1.55E+00	-2.77E+00
3	4	1	12	-9.41E+00	-2.08E+01	1.03E+01
3	4	3	2	-9.81E+00	-5.69E-01	-2.82E+00
0	16	0	0	-1.31E+01	-2.26E+01	6.85E+00
0	16	0	2	-1.24E+01	-2.03E+01	5.19E+00
0	16	0	4	-1.20E+01	-1.79E+01	3.57E+00
0	16	0	6	-1.17E+01	-1.55E+01	1.99E+00
0	16	0	8	-1.14E+01	-1.30E+01	5.74E-01
0	16	1	0	-1.29E+01	-2.13E+01	6.34E+00
0	16	1	2	-1.23E+01	-1.90E+01	4.71E+00
0	16	1	4	-1.20E+01	-1.63E+01	2.90E+00
0	16	0	10	-1.11E+01	-1.05E+01	-6.87E-01
0	16	1	6	-1.17E+01	-1.37E+01	1.37E+00
0	16	1	8	-1.14E+01	-1.10E+01	1.13E-01
0	16	2	0	-1.27E+01	-2.19E+01	7.06E+00
0	16	0	12	-1.06E+01	-7.95E+00	-1.55E+00
0	16	2	2	-1.21E+01	-1.98E+01	5.61E+00
0	16	2	4	-1.18E+01	-1.71E+01	4.01E+00
0	16	1	10	-1.10E+01	-8.15E+00	-8.44E-01
0	16	2	6	-1.16E+01	-1.43E+01	2.60E+00
0	16	0	14	-9.97E+00	-5.15E+00	-1.95E+00
0	16	2	8	-1.13E+01	-1.16E+01	1.95E+00
0	16	3	0	-1.26E+01	-2.33E+01	6.61E+00
0	16	1	12	-1.07E+01	-5.22E+00	-1.05E+00
0	16	3	2	-1.19E+01	-2.21E+01	6.06E+00
0	16	3	4	-1.14E+01	-2.10E+01	6.53E+00
2	10	0	0	-1.28E+01	-1.87E+01	4.03E+00
2	10	0	2	-1.20E+01	-1.83E+01	4.06E+00
2	10	0	4	-1.17E+01	-1.73E+01	3.72E+00
2	10	0	6	-1.15E+01	-1.59E+01	3.02E+00
2	10	0	8	-1.14E+01	-1.40E+01	1.91E+00
2	10	1	0	-1.24E+01	-1.26E+01	2.40E-01
2	10	1	2	-1.17E+01	-1.19E+01	-1.44E-01
2	10	1	4	-1.14E+01	-1.06E+01	-8.18E-01
2	10	0	10	-1.12E+01	-1.17E+01	6.88E-01
2	10	1	6	-1.12E+01	-9.26E+00	-1.33E+00
2	10	1	8	-1.09E+01	-7.57E+00	-1.85E+00
2	10	2	0	-1.21E+01	-9.10E+00	-6.61E-01
2	10	0	12	-1.10E+01	-8.57E+00	-1.06E+00
2	10	2	2	-1.14E+01	-7.67E+00	-1.46E+00
2	10	2	4	-1.09E+01	-6.09E+00	-2.16E+00
2	10	1	10	-1.05E+01	-5.63E+00	-2.14E+00
2	10	2	6	-1.05E+01	-4.48E+00	-2.62E+00
2	10	0	14	-1.08E+01	-5.81E+00	-1.56E+00
2	10	2	8	-9.96E+00	-2.85E+00	-2.60E+00
2	10	3	0	-1.12E+01	-1.31E+01	2.12E+00
2	10	1	12	-9.90E+00	-3.25E+00	-2.09E+00
2	10	3	2	-1.05E+01	-1.24E+01	2.24E+00
2	10	3	4	-1.02E+01	-1.15E+01	3.23E+00
2	10	0	16	-1.09E+01	-9.15E+00	1.69E+00
3	6	0	0	-1.24E+01	-2.40E+01	1.28E+01
3	6	0	2	-1.17E+01	-2.33E+01	1.21E+01
3	6	0	4	-1.15E+01	-2.16E+01	1.04E+01
3	6	0	6	-1.14E+01	-2.01E+01	9.53E+00
3	6	0	8	-1.15E+01	-1.62E+01	4.54E+00
3	6	1	0	-1.24E+01	-1.43E+01	2.46E+00
3	6	1	2	-1.19E+01	-1.31E+01	1.27E+00
3	6	1	4	-1.17E+01	-1.14E+01	-1.57E-01
3	6	0	10	-1.16E+01	-1.31E+01	1.26E+00
3	6	1	6	-1.14E+01	-1.05E+01	-2.44E-01
3	6	1	8	-1.13E+01	-8.53E+00	-1.60E+00
3	6	2	0	-1.22E+01	-7.37E+00	-2.13E+00
3	6	0	12	-1.14E+01	-1.26E+01	1.34E+00
3	6	2	2	-1.14E+01	-7.04E+00	-2.21E+00
3	6	2	4	-1.11E+01	-6.34E+00	-2.25E+00
3	6	1	10	-1.12E+01	-7.82E+00	-8.84E-01
3	6	2	6	-1.08E+01	-5.43E+00	-2.11E+00
3	6	0	14	-1.06E+01	-1.74E+01	6.71E+00
3	6	2	8	-1.06E+01	-3.84E+00	-2.16E+00
3	6	3	0	-1.09E+01	-3.70E+00	-2.40E+00
3	6	1	12	-9.92E+00	-1.37E+01	5.27E+00
3	6	3	2	-1.01E+01	-2.86E+00	-2.42E+00
3	6	3	4	-9.68E+00	-1.74E+00	-2.22E+00
3	6	0	16	-1.07E+01	-1.90E+01	7.60E+00
3	6	2	10	-9.85E+00	-9.21E+00	5.39E+00
3	8	0	0	-1.22E+01	-2.73E+01	1.56E+01
3	8	0	2	-1.14E+01	-2.70E+01	1.53E+01
3	8	0	4	-1.13E+01	-2.52E+01	1.37E+01
3	8	0	6	-1.13E+01	-2.24E+01	1.10E+01
3	8	0	8	-1.12E+01	-2.01E+01	9.67E+00
3	8	1	0	-1.23E+01	-1.73E+01	4.72E+00
3	8	1	2	-1.17E+01	-1.60E+01	3.62E+00
3	8	1	4	-1.16E+01	-1.39E+01	1.86E+00
3	8	0	10	-1.15E+01	-1.39E+01	2.12E+00
3	8	1	6	-1.16E+01	-1.14E+01	-1.81E-01
3	8	1	8	-1.13E+01	-9.64E+00	-6.93E-01
3	8	2	0	-1.23E+01	-8.88E+00	-1.66E+00
3	8	0	12	-1.14E+01	-1.05E+01	-5.68E-01
3	8	2	2	-1.16E+01	-8.36E+00	-1.90E+00
3	8	2	4	-1.13E+01	-7.42E+00	-2.15E+00
3	8	1	10	-1.10E+01	-7.31E+00	-2.02E+00
3	8	2	6	-1.10E+01	-6.02E+00	-2.56E+00
3	8	0	14	-1.13E+01	-8.39E+00	-1.00E+00
3	8	2	8	-1.06E+01	-4.60E+00	-2.68E+00
3	8	3	0	-1.12E+01	-5.62E+00	-2.28E+00
3	8	1	12	-1.05E+01	-5.67E+00	-2.02E+00
3	8	3	2	-1.06E+01	-4.59E+00	-2.56E+00
3	8	3	4	-1.02E+01	-3.26E+00	-2.81E+00
3	8	0	16	-1.14E+01	-1.14E+01	1.98E+00
3	8	2	10	-9.91E+00	-3.24E+00	-2.20E+00
3	8	3	6	-9.77E+00	-2.10E+00	-2.49E+00
0	3	0	1	-9.70E+00	-1.80E+00	-1.09E+00
0	5	0	1	-1.03E+01	-3.58E+00	-1.64E+00
0	5	0	3	-9.73E+00	-2.07E+00	-1.98E+00
0	7	0	1	-1.07E+01	-6.11E+00	-1.35E+00
0	7	0	3	-1.03E+01	-4.35E+00	-2.12E+00
0	7	0	5	-9.74E+00	-2.81E+00	-2.19E+00
1	1	0	1	-1.15E+01	-7.21E+00	-7.88E-01
1	1	0	3	-1.14E+01	-6.86E+00	-5.43E-01
1	1	0	5	-1.10E+01	-7.97E+00	-1.76E-01
1	1	0	7	-1.06E+01	-1.16E+01	3.05E+00
1	3	0	1	-1.16E+01	-7.19E+00	-1.83E+00
1	3	0	3	-1.13E+01	-6.67E+00	-1.59E+00
1	3	0	5	-1.12E+01	-5.73E+00	-1.54E+00
1	3	0	7	-1.09E+01	-8.24E+00	1.67E+00
1	3	1	1	-9.79E+00	-1.07E+00	-1.98E+00
0	9	0	1	-1.12E+01	-9.15E+00	-1.92E-01
0	9	0	3	-1.07E+01	-7.45E+00	-1.09E+00
0	9	0	5	-1.02E+01	-5.68E+00	-1.71E+00
0	9	0	7	-9.73E+00	-3.77E+00	-1.84E+00
0	9	1	1	-1.12E+01	-1.53E+01	6.48E+00
0	9	1	3	-1.08E+01	-1.47E+01	8.10E+00
1	5	0	1	-1.17E+01	-8.25E+00	-1.70E+00
1	5	0	3	-1.13E+01	-7.49E+00	-1.91E+00
1	5	0	5	-1.12E+01	-6.23E+00	-2.10E+00
1	5	0	7	-1.12E+01	-4.34E+00	-2.57E+00
1	5	1	1	-1.03E+01	-2.91E+00	-2.39E+00
1	5	1	3	-9.79E+00	-1.40E+00	-2.76E+00
1	5	0	9	-1.12E+01	-6.34E+00	1.64E+00
0	11	0	1	-1.17E+01	-1.17E+01	2.02E-01
0	11	0	3	-1.12E+01	-9.88E+00	-8.95E-01
0	11	0	5	-1.08E+01	-8.01E+00	-1.83E+00
0	11	0	7	-1.03E+01	-6.11E+00	-2.48E+00
0	11	1	1	-1.18E+01	-1.46E+01	3.60E+00
0	11	1	3	-1.14E+01	-1.27E+01	2.77E+00
0	11	0	9	-9.87E+00	-3.63E+00	-2.97E+00
0	11	1	5	-1.13E+01	-1.01E+01	1.97E+00
1	7	0	1	-1.18E+01	-9.97E+00	-1.10E+00
1	7	0	3	-1.14E+01	-9.22E+00	-1.38E+00
1	7	0	5	-1.12E+01	-7.71E+00	-1.99E+00
1	7	0	7	-1.10E+01	-5.97E+00	-2.38E+00
1	7	1	1	-1.08E+01	-5.22E+00	-2.08E+00
1	7	1	3	-1.03E+01	-3.67E+00	-2.72E+00
1	7	0	9	-1.09E+01	-3.62E+00	-2.79E+00
1	7	1	5	-9.80E+00	-2.07E+00	-2.93E+00
1	7	0	11	-1.12E+01	-5.93E+00	2.13E+00
2	1	0	1	-1.26E+01	-1.17E+01	1.52E+00
2	1	0	3	-1.22E+01	-1.13E+01	1.10E+00
2	1	0	5	-1.19E+01	-1.19E+01	1.68E+00
2	1	0	7	-1.18E+01	-1.15E+01	9.92E-01
2	1	1	1	-1.13E+01	-6.46E+00	-1.13E+00
2	1	1	3	-1.11E+01	-6.25E+00	-8.12E-01
2	1	0	9	-1.14E+01	-1.46E+01	3.45E+00
2	1	1	5	-1.07E+01	-7.20E+00	-5.43E-01
2	1	0	11	-1.06E+01	-2.12E+01	9.37E+00
2	1	1	7	-1.03E+01	-1.08E+01	2.61E+00
2	3	0	1	-1.25E+01	-1.15E+01	3.97E-01
2	3	0	3	-1.21E+01	-1.17E+01	1.06E+00
2	3	0	5	-1.21E+01	-1.02E+01	2.42E-02
2	3	0	7	-1.21E+01	-9.47E+00	8.17E-02
2	3	1	1	-1.14E+01	-6.50E+00	-1.82E+00
2	3	1	3	-1.10E+01	-5.98E+00	-1.81E+00
2	3	0	9	-1.17E+01	-1.19E+01	2.87E+00
2	3	1	5	-1.09E+01	-5.39E+00	-1.42E+00
2	3	0	11	-1.09E+01	-1.79E+01	8.04E+00
2	3	1	7	-1.06E+01	-7.88E+00	1.71E+00
2	3	2	1	-9.78E+00	-1.12E+00	-1.69E+00
1	9	0	1	-1.19E+01	-1.23E+01	1.24E-01
1	9	0	3	-1.16E+01	-1.13E+01	-4.75E-01
1	9	0	5	-1.13E+01	-9.93E+00	-1.09E+00
1	9	0	7	-1.10E+01	-8.29E+00	-1.55E+00
1	9	1	1	-1.12E+01	-8.38E+00	-5.59E-01
1	9	1	3	-1.07E+01	-6.73E+00	-1.40E+00
1	9	0	9	-1.08E+01	-6.56E+00	-1.48E+00
1	9	1	5	-1.03E+01	-5.15E+00	-1.88E+00
1	9	0	11	-1.06E+01	-3.85E+00	-1.62E+00
1	9	1	7	-9.71E+00	-3.64E+00	-1.67E+00
1	9	2	1	-1.08E+01	-1.48E+01	6.08E+00
1	9	2	3	-1.04E+01	-1.44E+01	8.03E+00
0	13	0	1	-1.20E+01	-1.62E+01	3.35E+00
0	13	0	3	-1.15E+01	-1.41E+01	1.87E+00
0	13	0	5	-1.10E+01	-1.22E+01	7.90E-01
0	13	0	7	-1.06E+01	-1.01E+01	-2.10E-01
0	13	1	1	-1.17E+01	-1.94E+01	7.51E+00
0	13	1	3	-1.13E+01	-1.73E+01	6.35E+00
0	13	0	9	-1.02E+01	-7.91E+00	-9.16E-01
0	13	1	5	-1.10E+01	-1.51E+01	5.36E+00
0	13	0	11	-9.73E+00	-5.37E+00	-1.18E+00
0	13	1	7	-1.08E+01	-1.23E+01	4.41E+00
0	13	2	1	-1.19E+01	-2.25E+01	9.64E+00
0	13	2	3	-1.17E+01	-2.12E+01	1.04E+01
0	13	1	9	-1.08E+01	-8.53E+00	4.37E+00
2	5	0	1	-1.23E+01	-1.27E+01	9.33E-01
2	5	0	3	-1.21E+01	-1.16E+01	-5.50E-02
2	5	0	5	-1.19E+01	-1.12E+01	5.75E-01
2	5	0	7	-1.20E+01	-8.97E+00	-1.10E+00
2	5	1	1	-1.15E+01	-7.05E+00	-2.39E+00
2	5	1	3	-1.11E+01	-6.52E+00	-2.31E+00
2	5	0	9	-1.21E+01	-7.70E+00	-1.15E+00
2	5	1	5	-1.09E+01	-5.56E+00	-2.24E+00
2	5	0	11	-1.16E+01	-1.12E+01	3.11E+00
2	5	1	7	-1.08E+01	-4.36E+00	-2.07E+00
2	5	2	1	-1.03E+01	-3.07E+00	-1.75E+00
2	5	2	3	-9.72E+00	-1.78E+00	-1.90E+00
2	5	1	9	-1.06E+01	-7.30E+00	3.01E+00
2	5	0	13	-1.16E+01	-1.73E+01	8.98E+00
1	11	0	1	-1.22E+01	-1.53E+01	2.00E+00
1	11	0	3	-1.18E+01	-1.40E+01	1.14E+00
1	11	0	5	-1.15E+01	-1.25E+01	2.50E-01
1	11	0	7	-1.12E+01	-1.11E+01	-2.49E-01
1	11	1	1	-1.18E+01	-1.09E+01	3.33E-01
1	11	1	3	-1.13E+01	-9.32E+00	-5.71E-01
1	11	0	9	-1.09E+01	-9.22E+00	-8.20E-01
1	11	1	5	-1.08E+01	-7.71E+00	-1.30E+00
1	11	0	11	-1.07E+01	-6.98E+00	-1.02E+00
1	11	1	7	-1.03E+01	-6.18E+00	-1.57E+00
1	11	2	1	-1.11E+01	-1.62E+01	5.77E+00
1	11	2	3	-1.08E+01	-1.44E+01	5.11E+00
1	11	1	9	-9.77E+00	-4.22E+00	-1.60E+00
1	11	0	13	-1.05E+01	-3.43E+00	-1.36E+00
1	11	2	5	-1.06E+01	-1.19E+01	4.48E+00
2	7	0	1	-1.20E+01	-1.54E+01	2.73E+00
2	7	0	3	-1.18E+01	-1.42E+01	1.86E+00
2	7	0	5	-1.17E+01	-1.26E+01	8.05E-01
2	7	0	7	-1.16E+01	-1.10E+01	5.60E-02
2	7	1	1	-1.14E+01	-9.45E+00	-9.97E-01
2	7	1	3	-1.10E+01	-8.68E+00	-1.26E+00
2	7	0	9	-1.17E+01	-8.53E+00	-1.34E+00
2	7	1	5	-1.08E+01	-7.52E+00	-1.54E+00
2	7	0	11	-1.21E+01	-5.75E+00	-2.11E+00
2	7	1	7	-1.06E+01	-6.01E+00	-1.75E+00
2	7	2	1	-1.06E+01	-5.66E+00	-1.12E+00
2	7	2	3	-1.02E+01	-4.09E+00	-1.73E+00
2	7	1	9	-1.05E+01	-4.01E+00	-1.81E+00
2	7	0	13	-1.19E+01	-1.18E+01	4.88E+00
2	7	2	5	-9.67E+00	-2.69E+00	-1.72E+00
2	7	1	11	-1.04E+01	-8.32E+00	5.11E+00
3	1	0	1	-1.32E+01	-1.61E+01	5.87E+00
3	1	0	3	-1.26E+01	-1.67E+01	5.52E+00
3	1	0	5	-1.23E+01	-1.66E+01	5.10E+00
3	1	0	7	-1.18E+01	-1.86E+01	6.64E+00
3	1	1	1	-1.27E+01	-8.97E+00	-1.46E+00
3	1	1	3	-1.23E+01	-8.97E+00	-1.27E+00
3	1	0	9	-1.08E+01	-2.16E+01	8.10E+00
3	1	1	5	-1.20E+01	-1.00E+01	1.73E-01
3	1	0	11	-1.09E+01	-1.94E+01	4.58E+00
3	1	1	7	-1.12E+01	-1.27E+01	1.74E+00
3	1	2	1	-1.15E+01	-5.02E+00	-2.97E+00
3	1	2	3	-1.14E+01	-4.35E+00	-3.05E+00
3	1	1	9	-1.05E+01	-1.47E+01	2.30E+00
3	1	0	13	-1.07E+01	-2.33E+01	7.52E+00
3	1	2	5	-1.11E+01	-5.04E+00	-3.09E+00
3	1	1	11	-9.99E+00	-1.99E+01	6.62E+00
3	1	2	7	-1.05E+01	-8.34E+00	-5.94E-01
0	15	0	1	-1.28E+01	-1.88E+01	4.70E+00
0	15	0	3	-1.23E+01	-1.66E+01	3.05E+00
0	15	0	5	-1.18E+01	-1.45E+01	1.64E+00
0	15	0	7	-1.14E+01	-1.24E+01	4.05E-01
0	15	1	1	-1.25E+01	-2.32E+01	1.06E+01
0	15	1	3	-1.19E+01	-2.15E+01	9.56E+00
0	15	0	9	-1.10E+01	-1.02E+01	-5.98E-01
0	15	1	5	-1.15E+01	-1.97E+01	8.52E+00
0	15	0	11	-1.06E+01	-7.87E+00	-1.41E+00
0	15	1	7	-1.11E+01	-1.74E+01	7.21E+00
0	15	2	1	-1.18E+01	-2.30E+01	8.14E+00
0	15	2	3	-1.15E+01	-1.92E+01	5.16E+00
0	15	1	9	-1.06E+01	-1.45E+01	5.48E+00
0	15	0	13	-1.00E+01	-5.15E+00	-1.79E+00
0	15	2	5	-1.12E+01	-1.61E+01	3.29E+00
0	15	1	11	-1.02E+01	-1.04E+01	3.88E+00
0	15	2	7	-1.08E+01	-1.41E+01	3.28E+00
0	15	3	1	-1.16E+01	-2.13E+01	2.59E+00
3	3	0	1	-1.26E+01	-2.03E+01	1.02E+01
3	3	0	3	-1.20E+01	-2.09E+01	1.13E+01
3	3	0	5	-1.17E+01	-2.04E+01	9.99E+00
3	3	0	7	-1.13E+01	-1.98E+01	8.51E+00
3	3	1	1	-1.25E+01	-1.06E+01	2.72E-01
3	3	1	3	-1.19E+01	-1.17E+01	1.84E+00
3	3	0	9	-1.11E+01	-1.87E+01	7.00E+00
3	3	1	5	-1.18E+01	-1.03E+01	4.10E-01
3	3	0	11	-1.12E+01	-1.68E+01	4.86E+00
3	3	1	7	-1.12E+01	-1.17E+01	2.40E+00
3	3	2	1	-1.16E+01	-6.22E+00	-1.54E+00
3	3	2	3	-1.11E+01	-5.82E+00	-1.53E+00
3	3	1	9	-1.06E+01	-1.34E+01	3.94E+00
3	3	0	13	-1.10E+01	-1.94E+01	6.10E+00
3	3	2	5	-1.09E+01	-5.44E+00	-1.05E+00
3	3	1	11	-9.88E+00	-1.88E+01	8.45E+00
3	3	2	7	-1.04E+01	-8.39E+00	2.55E+00
3	3	3	1	-9.72E+00	-1.31E+00	-1.19E+00
3	3	0	15	-1.06E+01	-1.98E+01	3.30E+00
2	9	0	1	-1.22E+01	-1.66E+01	2.04E+00
2	9	0	3	-1.19E+01	-1.58E+01	1.79E+00
2	9	0	5	-1.17E+01	-1.44E+01	1.05E+00
2	9	0	7	-1.15E+01	-1.26E+01	1.97E-02
2	9	1	1	-1.18E+01	-1.06E+01	-1.56E+00
2	9	1	3	-1.15E+01	-9.65E+00	-2.03E+00
2	9	0	9	-1.15E+01	-1.02E+01	-1.28E+00
2	9	1	5	-1.12E+01	-8.31E+00	-2.64E+00
2	9	0	11	-1.15E+01	-7.23E+00	-2.89E+00
2	9	1	7	-1.10E+01	-6.53E+00	-3.31E+00
2	9	2	1	-1.15E+01	-6.17E+00	-3.02E+00
2	9	2	3	-1.10E+01	-4.67E+00	-3.70E+00
2	9	1	9	-1.07E+01	-4.50E+00	-3.82E+00
2	9	0	13	-1.17E+01	-4.27E+00	-3.60E+00
2	9	2	5	-1.06E+01	-3.08E+00	-4.25E+00
2	9	1	11	-1.03E+01	-1.85E+00	-4.24E+00
2	9	2	7	-1.01E+01	-1.34E+00	-4.50E+00
2	9	3	1	-1.06E+01	-1.24E+01	2.09E+00
2	9	0	15	-1.09E+01	-7.15E+00	-2.72E+00
2	9	3	3	-1.01E+01	-1.20E+01	3.32E+00
1	13	0	1	-1.27E+01	-1.74E+01	2.70E+00
1	13	0	3	-1.23E+01	-1.59E+01	1.64E+00
1	13	0	5	-1.20E+01	-1.44E+01	6.75E-01
1	13	0	7	-1.18E+01	-1.27E+01	-2.66E-01
1	13	1	1	-1.22E+01	-1.38E+01	9.70E-01
1	13	1	3	-1.19E+01	-1.14E+01	-6.42E-01
1	13	0	9	-1.15E+01	-1.06E+01	-1.41E+00
1	13	1	5	-1.16E+01	-9.18E+00	-1.95E+00
1	13	0	11	-1.12E+01	-8.31E+00	-2.30E+00
1	13	1	7	-1.12E+01	-7.27E+00	-2.79E+00
1	13	2	1	-1.18E+01	-1.34E+01	1.16E+00
1	13	2	3	-1.15E+01	-1.08E+01	-4.11E-01
1	13	1	9	-1.07E+01	-5.48E+00	-3.17E+00
1	13	0	13	-1.07E+01	-6.08E+00	-2.33E+00
1	13	2	5	-1.12E+01	-8.38E+00	-1.57E+00
1	13	1	11	-1.00E+01	-3.38E+00	-3.19E+00
1	13	2	7	-1.09E+01	-6.23E+00	-1.93E+00
1	13	3	1	-1.14E+01	-1.53E+01	1.82E+00
1	13	0	15	-1.01E+01	-2.77E+00	-2.09E+00
1	13	3	3	-1.10E+01	-1.43E+01	2.30E+00
1	13	2	9	-1.04E+01	-4.57E+00	-4.14E-01
3	5	0	1	-1.22E+01	-2.07E+01	8.61E+00
3	5	0	3	-1.19E+01	-1.92E+01	7.02E+00
3	5	0	5	-1.17E+01	-1.80E+01	6.33E+00
3	5	0	7	-1.18E+01	-1.45E+01	1.89E+00
3	5	1	1	-1.22E+01	-1.10E+01	-1.55E+00
3	5	1	3	-1.19E+01	-1.01E+01	-2.22E+00
3	5	0	9	-1.19E+01	-1.18E+01	-8.14E-01
3	5	1	5	-1.16E+01	-9.41E+00	-2.24E+00
3	5	0	11	-1.20E+01	-1.05E+01	-1.32E+00
3	5	1	7	-1.14E+01	-8.18E+00	-2.77E+00
3	5	2	1	-1.17E+01	-6.01E+00	-3.49E+00
3	5	2	3	-1.13E+01	-5.36E+00	-3.66E+00
3	5	1	9	-1.13E+01	-7.42E+00	-2.34E+00
3	5	0	13	-1.13E+01	-1.48E+01	3.13E+00
3	5	2	5	-1.10E+01	-4.56E+00	-3.68E+00
3	5	1	11	-1.05E+01	-1.15E+01	2.27E+00
3	5	2	7	-1.08E+01	-3.20E+00	-3.84E+00
3	5	3	1	-1.04E+01	-8.89E-01	-4.69E+00
3	5	0	15	-1.09E+01	-1.49E+01	1.26E+00
3	5	3	3	-9.95E+00	4.43E-01	-4.97E+00
3	5	2	9	-1.01E+01	-7.03E+00	1.21E+00
3	5	1	13	-1.05E+01	-1.14E+01	9.53E-01
3	7	0	1	-1.16E+01	-2.62E+01	1.47E+01
3	7	0	3	-1.13E+01	-2.47E+01	1.32E+01
3	7	0	5	-1.13E+01	-2.21E+01	1.07E+01
3	7	0	7	-1.11E+01	-2.00E+01	9.40E+00
3	7	1	1	-1.19E+01	-1.52E+01	2.95E+00
3	7	1	3	-1.16E+01	-1.35E+01	1.48E+00
3	7	0	9	-1.15E+01	-1.43E+01	2.66E+00
3	7	1	5	-1.15E+01	-1.13E+01	-2.52E-01
3	7	0	11	-1.16E+01	-1.06E+01	-4.18E-01
3	7	1	7	-1.12E+01	-9.97E+00	-3.66E-01
3	7	2	1	-1.16E+01	-8.38E+00	-1.42E+00
3	7	2	3	-1.12E+01	-7.53E+00	-1.76E+00
3	7	1	9	-1.10E+01	-7.80E+00	-1.56E+00
3	7	0	13	-1.18E+01	-8.71E+00	-6.99E-01
3	7	2	5	-1.10E+01	-6.32E+00	-2.08E+00
3	7	1	11	-1.07E+01	-5.95E+00	-1.80E+00
3	7	2	7	-1.05E+01	-5.09E+00	-2.16E+00
3	7	3	1	-1.06E+01	-4.55E+00	-2.02E+00
3	7	0	15	-1.11E+01	-1.13E+01	1.67E+00
3	7	3	3	-1.02E+01	-3.37E+00	-2.20E+00
3	7	2	9	-9.91E+00	-3.78E+00	-1.84E+00
3	7	1	13	-1.07E+01	-7.52E+00	4.45E-01
3	7	3	5	-9.69E+00	-2.26E+00	-1.90E+00
