51214	43
#These are the temperatures
0.50	0.75	1.00	1.25	1.50	1.75	2.00	2.25	2.50	2.75	3.00	3.25	3.50	3.75	4.00	4.25	4.50	4.75	5.00	5.25	5.50	5.75
#These are the predicted intensities.
# columns are wavelength, lower index, upper index, label, values at each temperature
# wavelength is not used in code...is only here for humans.
584	0	6	Ca A	-21.4200	-21.5800	-21.7400	-21.9000	-22.0600	-22.2200	-22.3800	-22.5400	-22.7100	-22.8800	-23.0600	-23.2500	-23.4500	-23.6600	-23.8700	-24.1000	-24.3400	-24.3400	-24.3400	-24.3400	-24.3400	-24.3400
20600	2	6	Ca A	-25.8600	-26.0300	-26.2000	-26.3700	-26.5400	-26.7100	-26.8800	-27.0500	-27.2100	-27.3900	-27.5600	-27.7600	-27.9500	-28.1600	-28.3800	-28.6100	-28.8500	-28.8500	-28.8500	-28.8500	-28.8500	-28.8500
5016	2	12	Ca A	-25.0000	-25.1400	-25.2800	-25.4200	-25.5600	-25.7000	-25.8400	-25.9800	-26.1200	-26.2700	-26.4100	-26.5700	-26.7300	-26.9100	-27.1000	-27.3100	-27.5200	-27.5200	-27.5200	-27.5200	-27.5200	-27.5200
3965	2	20	Ca A	-25.2700	-25.4100	-25.5500	-25.6900	-25.8300	-25.9700	-26.1100	-26.2500	-26.3900	-26.5300	-26.6700	-26.8200	-26.9800	-27.1500	-27.3200	-27.5200	-27.7300	-27.7300	-27.7300	-27.7300	-27.7300	-27.7300
3614	2	30	Ca A	-25.5200	-25.6600	-25.8000	-25.9400	-26.0800	-26.2200	-26.3600	-26.5000	-26.6400	-26.7800	-26.9200	-27.0700	-27.2200	-27.3800	-27.5600	-27.7600	-27.9600	-27.9600	-27.9600	-27.9600	-27.9600	-27.9600
7281	6	8	Ca A	-24.4500	-24.5900	-24.7300	-24.8700	-25.0100	-25.1500	-25.2900	-25.4300	-25.5700	-25.7000	-25.8400	-25.9700	-26.1000	-26.2200	-26.3400	-26.4500	-26.5700	-26.5700	-26.5700	-26.5700	-26.5700	-26.5700
5048	6	14	Ca A	-24.8900	-25.0300	-25.1700	-25.3100	-25.4500	-25.5900	-25.7300	-25.8700	-26.0100	-26.1500	-26.2900	-26.4100	-26.5400	-26.6600	-26.7800	-26.9000	-27.0100	-27.0100	-27.0100	-27.0100	-27.0100	-27.0100
4438	6	22	Ca A	-25.1400	-25.2900	-25.4400	-25.5900	-25.7400	-25.8900	-26.0400	-26.1900	-26.3400	-26.4700	-26.6100	-26.7400	-26.8700	-26.9900	-27.1100	-27.2300	-27.3500	-27.3500	-27.3500	-27.3500	-27.3500	-27.3500
15080	8	20	Ca A	-26.6100	-26.7400	-26.8700	-27.0000	-27.1300	-27.2600	-27.3900	-27.5200	-27.6600	-27.8000	-27.9500	-28.1000	-28.2500	-28.4200	-28.6000	-28.8000	-29.0000	-29.0000	-29.0000	-29.0000	-29.0000	-29.0000
584	0	6	Ca B	-23.8372	-24.0362	-24.2443	-24.4603	-24.6827	-24.9096	-25.1395	-25.3120	-25.4853	-25.6641	-25.8491	-26.0410	-26.2363	-26.4249	-26.6226	-26.8307	-27.0494	-26.9889	-26.0242	-25.4719	-25.3061	-25.3651
10830	1	4	Ca B	-22.1571	-22.3054	-22.4560	-22.6093	-22.7653	-22.9243	-23.0868	-23.2532	-23.4238	-23.5991	-23.7797	-23.9660	-24.1587	-24.3581	-24.5650	-24.7801	-25.0033	-24.9962	-24.1110	-23.5860	-23.4439	-23.5259
3889	1	9	Ca B	-22.8252	-22.9652	-23.1056	-23.2460	-23.3859	-23.5250	-23.6635	-23.8015	-23.9398	-24.0793	-24.2211	-24.3669	-24.5191	-24.6806	-24.8554	-25.0466	-25.2554	-25.4028	-24.8774	-24.3919	-24.2549	-24.3381
3188	1	15	Ca B	-23.2837	-23.4234	-23.5634	-23.7031	-23.8422	-23.9801	-24.1168	-24.2523	-24.3873	-24.5224	-24.6587	-24.7977	-24.9415	-25.0926	-25.2542	-25.4292	-25.6203	-25.7678	-25.3194	-24.8508	-24.7162	-24.8000
2945	1	23	Ca B	-23.6187	-23.7583	-23.8982	-24.0379	-24.1767	-24.3144	-24.4505	-24.5854	-24.7192	-24.8527	-24.9870	-25.1240	-25.2658	-25.4149	-25.5738	-25.7458	-25.9341	-26.0827	-25.6507	-25.1859	-25.0518	-25.1357
20600	2	6	Ca B	-22.9370	-23.0856	-23.2367	-23.3906	-23.5475	-23.7077	-23.8718	-24.0403	-24.2136	-24.3924	-24.5774	-24.7693	-24.9690	-25.1777	-25.3963	-25.6262	-25.8673	-25.8297	-24.8881	-24.3591	-24.2165	-24.2985
5016	2	12	Ca B	-23.3708	-23.5109	-23.6515	-23.7921	-23.9324	-24.0722	-24.2116	-24.3510	-24.4915	-24.6343	-24.7812	-24.9342	-25.0956	-25.2682	-25.4548	-25.6576	-25.8779	-26.0202	-25.4324	-24.9361	-24.7975	-24.8804
3965	2	20	Ca B	-23.8300	-23.9698	-24.1100	-24.2500	-24.3894	-24.5278	-24.6650	-24.8015	-24.9378	-25.0751	-25.2151	-25.3600	-25.5126	-25.6763	-25.8545	-26.0500	-26.2643	-26.4168	-25.8847	-25.3971	-25.2597	-25.3429
3614	2	30	Ca B	-24.1517	-24.2915	-24.4317	-24.5717	-24.7109	-24.8491	-24.9859	-25.1217	-25.2571	-25.3932	-25.5315	-25.6744	-25.8250	-25.9869	-26.1636	-26.3578	-26.5707	-26.7248	-26.2043	-25.7188	-25.5817	-25.6650
7065	4	7	Ca B	-23.6196	-23.7590	-23.8987	-24.0383	-24.1771	-24.3150	-24.4517	-24.5874	-24.7223	-24.8568	-24.9913	-25.1263	-25.2623	-25.4002	-25.5409	-25.6850	-25.8330	-25.9439	-25.6037	-25.1784	-25.0519	-25.1375
5876	4	10	Ca B	-22.0413	-22.1930	-22.3481	-22.5070	-22.6705	-22.8394	-23.0145	-23.1971	-23.3882	-23.5891	-23.8011	-24.0255	-24.2635	-24.5160	-24.7837	-25.0664	-25.3619	-25.0776	-23.9620	-23.4245	-23.2809	-23.3626
4713	4	13	Ca B	-24.3552	-24.4941	-24.6333	-24.7722	-24.9104	-25.0472	-25.1825	-25.3161	-25.4479	-25.5776	-25.7049	-25.8294	-25.9510	-26.0709	-26.1910	-26.3139	-26.4414	-26.5453	-26.2918	-25.9073	-25.7888	-25.8763
4471	4	16	Ca B	-22.9055	-23.0463	-23.1880	-23.3303	-23.4731	-23.6166	-23.7615	-23.9091	-24.0611	-24.2200	-24.3884	-24.5692	-24.7655	-24.9801	-25.2149	-25.4710	-25.7476	-25.8338	-24.9917	-24.4673	-24.3250	-24.4070
4121	4	21	Ca B	-24.8086	-24.9474	-25.0865	-25.2253	-25.3632	-25.4997	-25.6343	-25.7667	-25.8965	-26.0231	-26.1456	-26.2638	-26.3783	-26.4914	-26.6060	-26.7248	-26.8488	-26.9522	-26.7249	-26.3550	-26.2397	-26.3280
4026	4	24	Ca B	-23.3318	-23.4720	-23.6126	-23.7533	-23.8938	-24.0341	-24.1743	-24.3156	-24.4593	-24.6079	-24.7640	-24.9313	-25.1136	-25.3146	-25.5372	-25.7830	-26.0516	-26.1803	-25.4222	-24.9040	-24.7624	-24.8446
7281	6	8	Ca B	-24.1259	-24.2653	-24.4050	-24.5445	-24.6832	-24.8208	-24.9571	-25.0921	-25.2263	-25.3603	-25.4949	-25.6312	-25.7702	-25.9130	-26.0607	-26.2132	-26.3697	-26.4840	-26.1213	-25.6871	-25.5590	-25.6443
6678	6	11	Ca B	-22.5761	-22.7278	-22.8830	-23.0420	-23.2057	-23.3747	-23.5502	-23.7331	-23.9247	-24.1262	-24.3391	-24.5647	-24.8044	-25.0593	-25.3301	-25.6172	-25.9181	-25.6187	-24.4962	-23.9585	-23.8148	-23.8965
5048	6	14	Ca B	-24.7268	-24.8660	-25.0055	-25.1446	-25.2830	-25.4200	-25.5555	-25.6895	-25.8220	-25.9534	-26.0843	-26.2151	-26.3469	-26.4807	-26.6174	-26.7577	-26.9008	-27.0093	-26.6978	-26.2852	-26.1613	-26.2475
4922	6	17	Ca B	-23.4622	-23.6031	-23.7449	-23.8872	-24.0301	-24.1737	-24.3189	-24.4667	-24.6192	-24.7786	-24.9479	-25.1300	-25.3281	-25.5450	-25.7832	-26.0438	-26.3261	-26.4076	-25.5488	-25.0231	-24.8806	-24.9626
4438	6	22	Ca B	-25.1283	-25.2675	-25.4069	-25.5460	-25.6842	-25.8211	-25.9563	-26.0897	-26.2214	-26.3515	-26.4803	-26.6085	-26.7370	-26.8670	-26.9995	-27.1349	-27.2726	-27.3781	-27.0857	-26.6825	-26.5604	-26.6470
4388	6	25	Ca B	-23.8992	-24.0394	-24.1801	-24.3210	-24.4616	-24.6019	-24.7423	-24.8838	-25.0278	-25.1767	-25.3336	-25.5020	-25.6859	-25.8891	-26.1148	-26.3648	-26.6387	-26.7650	-25.9897	-25.4698	-25.3280	-25.4102
12531	7	15	Ca B	-24.7782	-24.9179	-25.0579	-25.1976	-25.3367	-25.4746	-25.6113	-25.7468	-25.8818	-26.0169	-26.1532	-26.2922	-26.4360	-26.5871	-26.7487	-26.9237	-27.1148	-27.2623	-26.8139	-26.3453	-26.2107	-26.2945
9464	7	23	Ca B	-24.8760	-25.0156	-25.1555	-25.2952	-25.4340	-25.5717	-25.7079	-25.8427	-25.9765	-26.1100	-26.2444	-26.3813	-26.5231	-26.6722	-26.8311	-27.0031	-27.1914	-27.3400	-26.9080	-26.4432	-26.3091	-26.3930
15080	8	20	Ca B	-25.1044	-25.2442	-25.3844	-25.5244	-25.6638	-25.8022	-25.9395	-26.0759	-26.2122	-26.3496	-26.4896	-26.6344	-26.7870	-26.9507	-27.1289	-27.3244	-27.5387	-27.6912	-27.1591	-26.6715	-26.5341	-26.6173
21120	9	13	Ca B	-25.1715	-25.3104	-25.4496	-25.5885	-25.7267	-25.8635	-25.9988	-26.1324	-26.2642	-26.3939	-26.5212	-26.6457	-26.7673	-26.8872	-27.0073	-27.1302	-27.2577	-27.3616	-27.1081	-26.7236	-26.6051	-26.6926
17000	9	16	Ca B	-24.0559	-24.1968	-24.3385	-24.4808	-24.6236	-24.7671	-24.9120	-25.0596	-25.2116	-25.3705	-25.5388	-25.7197	-25.9160	-26.1306	-26.3654	-26.6215	-26.8981	-26.9843	-26.1422	-25.6178	-25.4755	-25.5575
11970	9	24	Ca B	-24.3281	-24.4683	-24.6089	-24.7496	-24.8902	-25.0304	-25.1707	-25.3119	-25.4556	-25.6042	-25.7603	-25.9276	-26.1099	-26.3109	-26.5335	-26.7793	-27.0479	-27.1766	-26.4185	-25.9003	-25.7587	-25.8409
19540	10	15	Ca B	-25.0125	-25.1521	-25.2921	-25.4319	-25.5710	-25.7089	-25.8455	-25.9811	-26.1161	-26.2512	-26.3875	-26.5265	-26.6702	-26.8214	-26.9829	-27.1579	-27.3491	-27.4965	-27.0482	-26.5795	-26.4449	-26.5287
18690	10	18	Ca B	-22.6522	-22.8067	-22.9655	-23.1293	-23.2992	-23.4763	-23.6623	-23.8586	-24.0669	-24.2887	-24.5258	-24.7794	-25.0507	-25.3402	-25.6474	-25.9710	-26.3036	-25.7219	-24.5360	-23.9964	-23.8525	-23.9341
12780	10	26	Ca B	-23.4459	-23.5880	-23.7315	-23.8765	-24.0232	-24.1725	-24.3260	-24.4857	-24.6544	-24.8354	-25.0321	-25.2475	-25.4845	-25.7446	-26.0280	-26.3333	-26.6566	-26.5688	-25.5267	-24.9915	-24.8480	-24.9298
18700	11	19	Ca B	-23.1295	-23.2841	-23.4429	-23.6067	-23.7765	-23.9537	-24.1397	-24.3360	-24.5443	-24.7661	-25.0031	-25.2567	-25.5280	-25.8175	-26.1247	-26.4483	-26.7808	-26.1992	-25.0134	-24.4738	-24.3299	-24.4115
12790	11	27	Ca B	-23.9230	-24.0652	-24.2087	-24.3536	-24.5003	-24.6496	-24.8031	-24.9628	-25.1316	-25.3126	-25.5092	-25.7247	-25.9616	-26.2217	-26.5051	-26.8104	-27.1337	-27.0459	-26.0038	-25.4686	-25.3251	-25.4069
19090	12	17	Ca B	-24.4966	-24.6376	-24.7793	-24.9217	-25.0646	-25.2082	-25.3533	-25.5012	-25.6537	-25.8131	-25.9823	-26.1644	-26.3625	-26.5795	-26.8177	-27.0782	-27.3606	-27.4421	-26.5833	-26.0575	-25.9151	-25.9971
12970	12	25	Ca B	-24.7970	-24.9372	-25.0779	-25.2188	-25.3594	-25.4997	-25.6401	-25.7816	-25.9256	-26.0745	-26.2314	-26.3998	-26.5837	-26.7869	-27.0126	-27.2625	-27.5365	-27.6627	-26.8875	-26.3676	-26.2258	-26.3080
